1486718585.642513	5.029291868209839	1800	4.4108067	0.025
1486718585.692845	5.0796239376068115	2000	4.1472082	0.050000001
1486718586.653009	6.039788007736206	2200	4.0254812	0.15000001
1486718587.646264	7.033041000366211	2400	3.9314294	0.15000001
1486718587.695597	7.082376003265381	2600	3.8160501	0.175
1486718588.657886	8.044663906097412	2800	3.6325564	0.175
1486718589.651887	9.038665056228638	3000	3.5518928	0.1
1486718589.702953	9.089731931686401	3200	3.4512076	0.15000001
1486718590.664348	10.051126956939697	3400	3.3071926	0.2
1486718591.655634	11.042412996292114	3600	3.2061069	0.1
1486718591.706802	11.093580961227417	3800	3.1443896	0.2
1486718592.668241	12.055019855499268	4000	2.9967699	0.34999999
1486718593.661346	13.048124074935913	4200	3.0016084	0.22499999
1486718593.712568	13.09934687614441	4400	2.8400333	0.25
1486718594.673266	14.060045003890991	4600	2.7030683	0.34999999
1486718595.665641	15.052420854568481	4800	2.6225028	0.30000001
1486718595.71803	15.104809045791626	5000	2.520632	0.375
1486718596.678611	16.06538987159729	5200	2.4107678	0.47499999
1486718597.669309	17.056087970733643	5400	2.3153663	0.40000001
1486718597.721042	17.107821941375732	5600	2.2710063	0.40000001
1486718598.681649	18.06842803955078	5800	2.2017014	0.44999999
1486718599.676105	19.062883853912354	6000	2.2101154	0.42500001
1486718599.727925	19.1147038936615	6200	2.0610554	0.5
1486718600.685124	20.071902990341187	6400	1.9492342	0.47499999
1486718601.679458	21.06623601913452	6600	1.9450986	0.47499999
1486718601.732781	21.119565963745117	6800	1.9133756	0.42500001
1486718602.731384	22.118162870407104	7000	1.6320413	0.60000002
1486718603.686302	23.073081016540527	7200	1.847998	0.5
1486718603.739447	23.126224994659424	7400	1.7987992	0.47499999
1486718604.698626	24.08540391921997	7600	1.6814747	0.5
1486718605.692177	25.078957080841064	7800	1.6372286	0.67500001
1486718605.745551	25.132328987121582	8000	1.5382035	0.60000002
1486718606.701776	26.08855390548706	8200	1.5333965	0.75
1486718607.694326	27.081104040145874	8400	1.4676572	0.64999998
1486718607.747401	27.13417887687683	8600	1.3695265	0.77499998
1486718608.706834	28.093612909317017	8800	1.3769499	0.64999998
1486718609.698994	29.08577299118042	9000	1.3602829	0.72500002
1486718609.751843	29.138622045516968	9200	1.296368	0.69999999
1486718610.712576	30.0993549823761	9400	1.3255128	0.57499999
1486718611.704802	31.091580867767334	9600	1.3009539	0.72500002
1486718611.758365	31.14514398574829	9800	1.1960551	0.85000002
1486718612.71615	32.10292887687683	10000	1.1436123	0.80000001
1486718613.710882	33.09766101837158	10200	1.163646	0.77499998
1486718613.764536	33.15131497383118	10400	1.0576594	0.875
1486718614.721126	34.10790491104126	10600	1.106011	0.80000001
1486718615.715725	35.10250401496887	10800	1.1382349	0.875
1486718615.771423	35.158201932907104	11000	0.96114224	0.75
1486718616.727831	36.11460995674133	11200	0.95557356	0.69999999
1486718617.718616	37.10539507865906	11400	0.98696786	0.875
1486718617.773028	37.159806966781616	11600	0.92357939	0.85000002
1486718618.731735	38.11851406097412	11800	0.92241287	0.80000001
1486718619.723229	39.110008001327515	12000	0.91198981	0.875
1486718619.778429	39.165207862854004	12200	0.8315624	0.85000002
1486718620.736032	40.12281107902527	12400	0.84746993	0.85000002
1486718621.727396	41.11417603492737	12600	0.82198983	0.85000002
1486718621.783528	41.17030692100525	12800	0.79540026	0.82499999
1486718622.741486	42.12826490402222	13000	0.74082041	0.89999998
1486718623.733464	43.12024188041687	13200	0.6901843	0.89999998
1486718623.790424	43.177201986312866	13400	0.6765359	0.875
1486718624.744371	44.13114905357361	13600	0.68645513	0.875
1486718625.737588	45.124366998672485	13800	0.66807657	0.94999999
1486718625.793987	45.18076491355896	14000	0.65423983	0.89999998
1486718626.750798	46.13757586479187	14200	0.64977562	0.94999999
1486718627.741296	47.12807488441467	14400	0.5855934	0.89999998
1486718627.79821	47.1849889755249	14600	0.54838479	0.92500001
1486718628.755898	48.14267587661743	14800	0.57299036	0.94999999
1486718629.745271	49.13205003738403	15000	0.55103004	0.875
1486718629.802146	49.18892502784729	15200	0.49629897	1.0
1486718630.757233	50.14401292800903	15400	0.54602039	0.97500002
1486718631.749655	51.13643407821655	15600	0.47345394	0.97500002
1486718631.80775	51.19452786445618	15800	0.44086462	1.0
1486718632.761753	52.148531913757324	16000	0.47317678	0.875
1486718633.756024	53.14280295372009	16200	0.45067906	1.0
1486718633.814478	53.20125699043274	16400	0.45353156	0.94999999
1486718634.768046	54.15482497215271	16600	0.44781438	1.0
1486718635.759404	55.146183013916016	16800	0.43795642	0.97500002
1486718635.817368	55.20414590835571	17000	0.39518219	0.94999999
1486718636.771221	56.157999992370605	17200	0.38727826	1.0
1486718637.764636	57.151413917541504	17400	0.37293401	1.0
1486718637.82323	57.2100088596344	17600	0.398633	0.97500002
1486718638.776328	58.16310691833496	17800	0.35707602	1.0
1486718639.768494	59.155272006988525	18000	0.36403051	1.0
1486718639.828153	59.21493196487427	18200	0.34940591	1.0
1486718640.780806	60.16758489608765	18400	0.32963151	1.0
