1485860583.542018	8.930260181427002	200	8.4921694	0.0
1485860584.524629	9.91287112236023	400	7.4617362	0.0
1485860584.60917	9.997412204742432	600	7.5350904	0.0
1485860585.535956	10.924200057983398	800	6.9914865	0.025
1485861483.770117	5.5621068477630615	200	8.9123507	0.0
1485861484.754179	6.54616904258728	400	7.4386673	0.075000003
1485861484.838189	6.630178928375244	600	7.502851	0.0
1485861485.76356	7.55554986000061	800	7.2930946	0.0
1485861486.754678	8.546679019927979	1000	6.6511564	0.0
1485861486.836588	8.62857699394226	1200	6.5342302	0.0
1485861487.766639	9.55863094329834	1400	6.4084005	0.0
1485861488.759566	10.551558017730713	1600	6.4543829	0.025
1485861488.839847	10.631836891174316	1800	5.8662162	0.025
1485861489.768472	11.56046199798584	2000	5.7852435	0.0
1485861490.76025	12.552242994308472	2200	6.0595894	0.0
1485861490.842157	12.634145975112915	2400	6.200192	0.025
1485861491.773768	13.565757989883423	2600	5.7978234	0.025
1485861492.769076	14.561065912246704	2800	5.4874372	0.025
1485861492.848824	14.64081597328186	3000	5.6822634	0.075000003
1485861493.779167	15.571156978607178	3200	5.5594664	0.0
1485861494.773135	16.565124988555908	3400	5.3096366	0.050000001
1485861494.854629	16.646617889404297	3600	5.314714	0.050000001
1485861495.784168	17.57615900039673	3800	5.1648793	0.025
1485861496.777742	18.56973099708557	4000	5.2911353	0.0
1485861496.859937	18.651926040649414	4200	5.0551734	0.0
1485861497.789694	19.58168387413025	4400	5.0840445	0.075000003
1485861498.777673	20.569663047790527	4600	5.1167283	0.025
1485861498.858692	20.650681018829346	4800	5.2794523	0.15000001
1485861499.788816	21.5808048248291	5000	4.8050432	0.025
1485861500.783589	22.575578927993774	5200	4.8271022	0.050000001
1485861500.865558	22.65754985809326	5400	4.7999086	0.050000001
1485861501.798065	23.590056896209717	5600	4.6688266	0.0
1485861502.789441	24.581429958343506	5800	4.8849649	0.025
1485861502.872066	24.664057970046997	6000	4.8205252	0.050000001
1485861503.800919	25.59291100502014	6200	4.6371598	0.15000001
1485861504.793153	26.585141897201538	6400	4.6217332	0.025
1485861504.873565	26.66555690765381	6600	4.5812201	0.025
1485861505.806191	27.598181009292603	6800	4.757647	0.1
1485861506.794602	28.58659291267395	7000	4.4906425	0.050000001
1485861506.874561	28.666549921035767	7200	4.5848985	0.050000001
1485861507.809378	29.60137104988098	7400	4.5058355	0.1
1485861508.800938	30.592927932739258	7600	4.5017214	0.0
1485861508.883189	30.67517900466919	7800	4.5167975	0.025
1485861509.815036	31.607025861740112	8000	4.3853478	0.1
1485861510.807563	32.59955191612244	8200	4.3271036	0.075000003
1485861510.890233	32.68222188949585	8400	4.2172737	0.075000003
1485861511.818534	33.61052584648132	8600	4.1372418	0.125
1485861512.812599	34.6045880317688	8800	4.3099694	0.025
1485861512.897045	34.689034938812256	9000	4.3610563	0.050000001
1485861513.823765	35.61575484275818	9200	4.2204599	0.125
1485861514.816098	36.60808992385864	9400	4.0970917	0.1
1485861514.898943	36.69093203544617	9600	4.2253695	0.075000003
1485861515.829464	37.621453046798706	9800	4.0682487	0.125
1485861516.819881	38.6118700504303	10000	4.1801095	0.22499999
1485861516.899995	38.691985845565796	10200	4.0016327	0.050000001
1485861517.833699	39.62568783760071	10400	3.9760659	0.175
1485861518.825146	40.61713886260986	10600	4.0422316	0.075000003
1485861518.907288	40.69927787780762	10800	4.1973596	0.2
1485861519.835145	41.62713694572449	11000	3.9690025	0.32499999
1485861520.830983	42.62297487258911	11200	3.8675964	0.125
1485861520.911363	42.70335292816162	11400	3.9328818	0.075000003
1485861521.840157	43.63214588165283	11600	4.0470176	0.15000001
1485861522.83511	44.62710189819336	11800	3.8783269	0.175
1485861522.917756	44.70974588394165	12000	3.8645599	0.075000003
1485861523.847689	45.63968086242676	12200	3.8634992	0.15000001
1485861524.83859	46.63057994842529	12400	4.0008187	0.1
1485861524.920607	46.71259593963623	12600	3.998153	0.175
1485861525.849945	47.64193797111511	12800	3.9497311	0.15000001
1485861526.841995	48.633983850479126	13000	3.7343895	0.125
1485861526.922349	48.71433782577515	13200	3.7724674	0.050000001
1485861527.859898	49.65188789367676	13400	3.8339958	0.22499999
1485861528.850268	50.64225697517395	13600	3.8584046	0.1
1485861528.935937	50.7279269695282	13800	3.8095336	0.050000001
1485861529.86641	51.65839886665344	14000	3.6949372	0.22499999
1485861530.853252	52.64524292945862	14200	3.8213196	0.2
1485861530.937526	52.72951602935791	14400	3.7526886	0.175
1485861531.865456	53.65744495391846	14600	3.8003776	0.175
1485861532.855144	54.647135972976685	14800	3.63638	0.125
1485861532.939477	54.731464862823486	15000	3.7538218	0.15000001
1485861533.910789	55.702779054641724	15200	3.6758945	0.2
1485861534.860583	56.65257287025452	15400	3.5538476	0.22499999
1485861534.941201	56.73319101333618	15600	3.7095673	0.0
1485861535.874225	57.66621398925781	15800	3.5985005	0.2
1485861536.864489	58.65647888183594	16000	3.6604989	0.175
1485861536.947109	58.73909902572632	16200	3.5942006	0.175
1485861537.879657	59.67164587974548	16400	3.6488335	0.22499999
1485861538.87258	60.66456890106201	16600	3.5917046	0.125
1485861538.955143	60.747133016586304	16800	3.4561744	0.15000001
1485861539.887061	61.67905282974243	17000	3.4325752	0.2
1485861540.878071	62.670060873031616	17200	3.5305099	0.125
1485861540.961531	62.753522872924805	17400	3.6168494	0.2
1485861541.890389	63.68237805366516	17600	3.5458992	0.22499999
1485861542.881863	64.67385196685791	17800	3.4255855	0.25
1485861542.967353	64.75934195518494	18000	3.4309661	0.15000001
1485861543.900582	65.69257402420044	18200	3.529911	0.27500001
1485861544.883606	66.67559504508972	18400	3.4378028	0.125
1485861545.012895	66.80488801002502	18600	3.4899952	0.27500001
1485861545.89896	67.69094896316528	18800	3.3259265	0.175
1485861546.893682	68.68567204475403	19000	3.4226673	0.175
1485861546.978831	68.77082085609436	19200	3.4084396	0.27500001
1485861547.902412	69.69440484046936	19400	3.3656304	0.25
1485861548.893122	70.6851110458374	19600	3.2895107	0.2
1485861548.973618	70.76560592651367	19800	3.2543399	0.22499999
1485861549.905201	71.69719099998474	20000	3.4743836	0.25
1485861550.900597	72.69258904457092	20200	3.3041375	0.2
1485861550.984841	72.77683281898499	20400	3.247149	0.25
1485861551.911669	73.70365881919861	20600	3.2124557	0.15000001
1485861552.904354	74.6963438987732	20800	3.2893524	0.25
1485861552.990857	74.7828459739685	21000	3.1791019	0.22499999
1485861553.916584	75.708575963974	21200	3.2382226	0.27500001
1485861554.905525	76.69751501083374	21400	3.2187779	0.175
1485861554.98816	76.78015303611755	21600	3.2465866	0.175
1485861555.919192	77.71118187904358	21800	3.1776764	0.2
1485861556.913051	78.70503997802734	22000	3.2128212	0.22499999
1485861556.996789	78.78878092765808	22200	3.2106872	0.2
1485861557.923242	79.71523094177246	22400	3.0838439	0.25
1485861558.919789	80.71177792549133	22600	3.1115301	0.27500001
1485861559.004045	80.79603505134583	22800	3.1172113	0.27500001
1485861559.928613	81.72060203552246	23000	3.1732934	0.1
1485861560.920003	82.71199202537537	23200	3.0277343	0.32499999
1485861561.000572	82.79256391525269	23400	3.0241199	0.30000001
1485861561.932895	83.72488403320312	23600	3.2052104	0.40000001
1485861562.924492	84.716481924057	23800	3.0820739	0.25
1485861563.007231	84.79921984672546	24000	3.0796196	0.15000001
1485861563.936396	85.7283890247345	24200	2.9539485	0.34999999
1485861564.930965	86.72296285629272	24400	3.0146291	0.375
1485861565.014387	86.80637884140015	24600	3.1014493	0.30000001
1485861565.942513	87.73450493812561	24800	3.0281892	0.25
1485861566.93706	88.72904992103577	25000	2.9968133	0.15000001
1485861567.023171	88.81516098976135	25200	3.0069695	0.32499999
1485861567.948309	89.74030089378357	25400	3.023556	0.30000001
1485861568.939474	90.73146390914917	25600	2.9929264	0.25
1485861569.023482	90.81547093391418	25800	3.0116212	0.375
1485861569.951579	91.74357104301453	26000	2.9694476	0.375
1485861570.942134	92.73412299156189	26200	2.953656	0.22499999
1485861571.024004	92.81599688529968	26400	2.9617629	0.32499999
1485861571.959036	93.7510278224945	26600	2.9657907	0.25
1485861572.960537	94.75252985954285	26800	2.8886285	0.27500001
1485861573.044378	94.83636689186096	27000	2.9156089	0.25
1485861574.003922	95.79591083526611	27200	2.9189744	0.30000001
1485861574.954386	96.74637603759766	27400	2.858891	0.32499999
1485861575.035207	96.82719898223877	27600	2.8408337	0.30000001
1485861575.964632	97.75662398338318	27800	2.7624257	0.47499999
1485861576.96028	98.75226902961731	28000	2.773329	0.175
1485861577.043775	98.83576393127441	28200	2.9486835	0.27500001
1485861577.970246	99.76223802566528	28400	2.8270156	0.32499999
1485861578.964226	100.75621604919434	28600	2.8087533	0.32499999
1485861579.047828	100.83981800079346	28800	2.8732452	0.44999999
1485861579.974314	101.76630401611328	29000	2.766135	0.25
1485861580.96755	102.7595419883728	29200	2.7784746	0.40000001
1485861581.049223	102.84121489524841	29400	2.7893841	0.27500001
1485861581.979573	103.77156186103821	29600	2.8157201	0.44999999
1485861582.97166	104.76364994049072	29800	2.779021	0.40000001
1485861583.053342	104.84533190727234	30000	2.7931695	0.42500001
1485861583.987562	105.77955102920532	30200	2.7452254	0.44999999
1485861584.976387	106.76837587356567	30400	2.6709023	0.40000001
1485861585.061433	106.85342597961426	30600	2.6840463	0.375
1485861585.988284	107.78027391433716	30800	2.7457066	0.375
1485861586.980212	108.7722020149231	31000	2.6017728	0.40000001
1485861587.063158	108.85514783859253	31200	2.6646225	0.375
1485861587.991538	109.78352785110474	31400	2.734098	0.34999999
1485861588.988783	110.7807719707489	31600	2.7325523	0.42500001
1485861589.07178	110.86377191543579	31800	2.6949968	0.47499999
1485861590.002963	111.79495286941528	32000	2.6428313	0.34999999
1485861590.990428	112.78241991996765	32200	2.5489416	0.40000001
1485861591.076008	112.86799693107605	32400	2.6462808	0.375
1485861592.003591	113.79558181762695	32600	2.6564288	0.42500001
1485861592.995541	114.78753304481506	32800	2.6365802	0.32499999
1485861593.07986	114.87185192108154	33000	2.6309366	0.40000001
1485861594.028215	115.82020783424377	33200	2.5687516	0.375
1485861594.998832	116.7908239364624	33400	2.552835	0.44999999
1485861595.082233	116.87422204017639	33600	2.554729	0.47499999
1485861596.010192	117.80218195915222	33800	2.6405895	0.52499998
1485861597.004069	118.79605889320374	34000	2.5631225	0.42500001
1485861597.089518	118.88150787353516	34200	2.5232565	0.32499999
1485861598.015554	119.80754590034485	34400	2.5588291	0.32499999
1485861599.003983	120.79597187042236	34600	2.4799078	0.5
1485861599.087272	120.8792610168457	34800	2.5396743	0.40000001
1485861600.023939	121.81592893600464	35000	2.5208597	0.625
1485861601.018446	122.81043481826782	35200	2.4861226	0.42500001
1485861601.103239	122.89523100852966	35400	2.4528031	0.40000001
1485861602.02822	123.82021284103394	35600	2.5202823	0.40000001
1485861603.030297	124.82228589057922	35800	2.4714627	0.5
1485861603.114921	124.90691089630127	36000	2.4402404	0.47499999
1485861604.032818	125.82480788230896	36200	2.4207039	0.47499999
1485861605.026652	126.81864404678345	36400	2.4280643	0.40000001
1485861605.117068	126.90905785560608	36600	2.4925599	0.34999999
1485861606.043511	127.83550190925598	36800	2.4017212	0.60000002
1485861607.059517	128.8515100479126	37000	2.393012	0.55000001
1485861607.157076	128.94906497001648	37200	2.4462743	0.42500001
1485861608.045094	129.837082862854	37400	2.4353414	0.55000001
1485861609.036252	130.82824182510376	37600	2.4530654	0.47499999
1485861609.117563	130.9095549583435	37800	2.4758232	0.69999999
1485861610.053197	131.84518599510193	38000	2.2938104	0.42500001
1485861611.046237	132.83822584152222	38200	2.3633759	0.44999999
1485861611.131446	132.9234390258789	38400	2.3507845	0.47499999
1485861612.057119	133.84910893440247	38600	2.3787341	0.47499999
1485861613.055557	134.8475489616394	38800	2.2824311	0.44999999
1485861613.139902	134.93189191818237	39000	2.3912058	0.52499998
1485861614.060038	135.85203003883362	39200	2.3445141	0.52499998
1485861615.052528	136.8445179462433	39400	2.2827353	0.47499999
1485861615.13682	136.928808927536	39600	2.2644558	0.60000002
1485861616.066409	137.8584008216858	39800	2.2391577	0.42500001
1485861617.056534	138.84852600097656	40000	2.2929449	0.64999998
1485861617.13773	138.92971992492676	40200	2.2874203	0.44999999
1485861618.075112	139.8671019077301	40400	2.249536	0.57499999
1485861619.063829	140.85582184791565	40600	2.3249183	0.47499999
1485861619.149925	140.94191694259644	40800	2.3331292	0.52499998
1485861620.072512	141.864501953125	41000	2.2409008	0.55000001
1485861621.067921	142.85991096496582	41200	2.167099	0.52499998
1485861621.150697	142.94268703460693	41400	2.246969	0.47499999
1485861622.077783	143.86977195739746	41600	2.2517383	0.52499998
1485861623.070015	144.86200404167175	41800	2.2473788	0.5
1485861623.15872	144.9507098197937	42000	2.1438167	0.34999999
1485861624.080878	145.8728678226471	42200	2.1508117	0.55000001
1485861625.07297	146.86495900154114	42400	2.1852069	0.52499998
1485861625.156132	146.94812202453613	42600	2.2705054	0.64999998
1485861626.085282	147.87727189064026	42800	2.2427096	0.44999999
1485861627.077968	148.8699610233307	43000	2.1304588	0.55000001
1485861627.15924	148.9512300491333	43200	2.152097	0.44999999
1485861628.087601	149.87959098815918	43400	2.089581	0.69999999
1485861629.08101	150.87299990653992	43600	2.1429572	0.5
1485861629.164975	150.95696592330933	43800	2.1913157	0.44999999
1485861630.093695	151.88568496704102	44000	2.1343434	0.52499998
1485861631.087189	152.8791790008545	44200	2.1817188	0.55000001
1485861631.169954	152.96194291114807	44400	2.0690522	0.42500001
1485861632.103808	153.89579796791077	44600	2.1109695	0.72500002
1485861633.101815	154.89380383491516	44800	2.0531864	0.60000002
1485861633.186514	154.9785029888153	45000	2.1431897	0.55000001
1485861634.110173	155.90216588974	45200	2.1154723	0.44999999
1485861635.098179	156.89016890525818	45400	2.0163429	0.52499998
1485861635.185853	156.97784185409546	45600	2.0264907	0.64999998
1485861636.10779	157.89978003501892	45800	2.0727494	0.57499999
1485861637.100824	158.89281487464905	46000	2.0967298	0.67500001
1485861637.184466	158.97645783424377	46200	1.9975876	0.52499998
1485861638.110168	159.90216088294983	46400	2.0996091	0.52499998
1485861639.103307	160.89529705047607	46600	2.1141179	0.64999998
1485861639.186264	160.97825288772583	46800	2.0421748	0.57499999
1485861640.116625	161.90861701965332	47000	2.0005596	0.60000002
1485861641.104585	162.89657402038574	47200	2.0178924	0.55000001
1485861641.188071	162.98005986213684	47400	2.0363669	0.57499999
1485861642.121935	163.91392493247986	47600	2.0806246	0.625
1485861643.119803	164.91179203987122	47800	1.9720625	0.64999998
1485861643.204601	164.99659085273743	48000	1.9758317	0.55000001
1485861644.123351	165.91534185409546	48200	2.0045559	0.64999998
1485861645.118121	166.91011095046997	48400	2.0128579	0.64999998
1485861645.203683	166.99567294120789	48600	2.0153749	0.69999999
1485861646.12785	167.91983890533447	48800	1.9535704	0.55000001
1485861647.119224	168.91121697425842	49000	1.9175646	0.57499999
1485861647.203896	168.9958848953247	49200	1.9719326	0.69999999
1485861648.135641	169.92763090133667	49400	1.9579592	0.80000001
1485861649.127049	170.9190390110016	49600	1.9563477	0.67500001
1485861649.21044	171.00243186950684	49800	1.9590654	0.625
1485861650.137258	171.92924785614014	50000	2.0119252	0.47499999
1485861651.128436	172.92042899131775	50200	1.90148	0.57499999
1485861651.213015	173.0050070285797	50400	1.8903999	0.64999998
1485861652.143449	173.93543887138367	50600	1.905893	0.80000001
1485861653.139269	174.93125891685486	50800	1.9358089	0.64999998
1485861653.227634	175.01962304115295	51000	1.8408566	0.69999999
1485861654.147158	175.93914699554443	51200	1.8831209	0.55000001
1485861655.146247	176.9382359981537	51400	1.9061611	0.60000002
1485861655.227809	177.01980185508728	51600	1.9295715	0.67500001
1485861656.149841	177.94182991981506	51800	1.9120073	0.80000001
1485861657.143382	178.93537187576294	52000	1.9291773	0.72500002
1485861657.225126	179.0171148777008	52200	1.8719212	0.55000001
1485861658.157745	179.94973492622375	52400	1.8750168	0.625
1485861659.149205	180.94119381904602	52600	1.8546089	0.77499998
1485861659.232228	181.02421689033508	52800	1.9019495	0.72500002
1485861660.164109	181.9560990333557	53000	1.8525146	0.69999999
1485861661.152026	182.9440188407898	53200	1.8141464	0.60000002
1485861661.23662	183.0286090373993	53400	1.8056625	0.57499999
1485861662.167401	183.95939302444458	53600	1.8923814	0.82499999
1485861663.158051	184.95004391670227	53800	1.8370178	0.60000002
1485861663.243262	185.0352509021759	54000	1.885781	0.64999998
1485861664.169532	185.96152091026306	54200	1.7264233	0.625
1485861665.162068	186.95405983924866	54400	1.7809441	0.69999999
1485861665.243114	187.03510284423828	54600	1.8282818	0.80000001
1485861666.178093	187.97008299827576	54800	1.7931578	0.80000001
1485861667.162079	188.95406889915466	55000	1.7745956	0.69999999
1485861667.244245	189.03623390197754	55200	1.799298	0.67500001
1485861668.173998	189.9659869670868	55400	1.7804554	0.69999999
1485861669.169101	190.9610939025879	55600	1.7452562	0.85000002
1485861669.257657	191.04964685440063	55800	1.7470382	0.67500001
1485861670.181181	191.9731729030609	56000	1.7730805	0.75
1485861671.172031	192.9640200138092	56200	1.8055999	0.64999998
1485861671.25635	193.04833889007568	56400	1.7474953	0.64999998
1485861672.186464	193.978453874588	56600	1.7413276	0.52499998
1485861673.175555	194.96754693984985	56800	1.7561104	0.72500002
1485861673.258022	195.05001187324524	57000	1.7591072	0.72500002
1485861674.190553	195.98254299163818	57200	1.7225316	0.60000002
1485861675.180968	196.9729619026184	57400	1.6776803	0.77499998
1485861675.265869	197.05786204338074	57600	1.7031763	0.80000001
1485861676.191449	197.98343801498413	57800	1.6862595	0.77499998
1485861677.181628	198.9736180305481	58000	1.66926	0.72500002
1485861677.265931	199.0579218864441	58200	1.7530117	0.69999999
1485861678.197603	199.98959302902222	58400	1.7073498	0.77499998
1485861679.186824	200.97881603240967	58600	1.7098885	0.80000001
1485861679.269781	201.0617699623108	58800	1.7361145	0.67500001
1485861680.202491	201.99447989463806	59000	1.7084395	0.67500001
1485861681.19159	202.9835798740387	59200	1.6618106	0.67500001
1485861681.274708	203.06669783592224	59400	1.7379602	0.69999999
1485861682.201127	203.99311590194702	59600	1.7257299	0.77499998
1485861683.193412	204.9854040145874	59800	1.6735989	0.72500002
1485861683.275044	205.06703305244446	60000	1.6941305	0.82499999
1485861684.210082	206.00207090377808	60200	1.6286567	0.89999998
1485861685.199892	206.99188089370728	60400	1.6117646	0.77499998
1485861685.283006	207.07499885559082	60600	1.6244748	0.77499998
1485861686.212682	208.00467491149902	60800	1.7324661	0.77499998
1485861687.207301	208.99928998947144	61000	1.5977255	0.77499998
1485861687.292738	209.0847270488739	61200	1.6311611	0.77499998
1485861688.246215	210.03820705413818	61400	1.6793871	0.75
1485861689.20939	211.00137996673584	61600	1.6590481	0.75
1485861689.293978	211.08596801757812	61800	1.6546228	0.80000001
1485861690.220891	212.01288104057312	62000	1.6216068	0.69999999
1485861691.218229	213.01021885871887	62200	1.5623341	0.72500002
1485861691.302407	213.0943958759308	62400	1.5889603	0.77499998
1485861692.22594	214.01793003082275	62600	1.6292038	0.80000001
1485861693.219047	215.01103687286377	62800	1.6396719	0.80000001
1485861693.305784	215.09777688980103	63000	1.5773859	0.80000001
1485861694.233704	216.02569699287415	63200	1.5134184	0.875
1485861695.225995	217.01798486709595	63400	1.5247667	0.77499998
1485861695.315302	217.1072919368744	63600	1.5625188	0.875
1485861696.233679	218.0256688594818	63800	1.6147387	0.80000001
1485861697.226392	219.01838088035583	64000	1.5454166	0.75
1485861697.309792	219.101793050766	64200	1.5955433	0.80000001
1485861698.262872	220.05486488342285	64400	1.560681	0.82499999
1485861699.234398	221.02638983726501	64600	1.534726	0.85000002
1485861699.31906	221.1110498905182	64800	1.5320367	0.875
1485861700.24485	222.03683996200562	65000	1.5251681	0.82499999
1485861701.237437	223.0294258594513	65200	1.5557712	0.85000002
1485861701.319539	223.11153101921082	65400	1.5161061	0.77499998
1485861702.246983	224.03897285461426	65600	1.5206153	0.72500002
1485861703.24289	225.0348789691925	65800	1.5199416	0.89999998
1485861703.323463	225.11545205116272	66000	1.4816694	0.89999998
1485861704.251903	226.0438940525055	66200	1.5008334	0.89999998
1485861705.245026	227.03701400756836	66400	1.4720511	0.69999999
1485861705.331122	227.1231119632721	66600	1.530866	0.80000001
1485861706.255965	228.04795694351196	66800	1.455603	0.82499999
1485861707.250726	229.04271793365479	67000	1.4945099	0.875
1485861707.334108	229.1260998249054	67200	1.5171216	0.875
1485861708.317304	230.10929584503174	67400	1.4964525	0.80000001
1485861709.255298	231.047287940979	67600	1.5283244	0.80000001
1485861709.338647	231.1306369304657	67800	1.5378662	0.94999999
1485861710.261673	232.05366587638855	68000	1.4105567	0.80000001
1485861711.257027	233.04901885986328	68200	1.4525106	0.85000002
1485861711.337756	233.12974882125854	68400	1.4344702	0.85000002
1485861712.270053	234.0620448589325	68600	1.4690068	0.80000001
1485861713.26449	235.05647993087769	68800	1.4129827	0.75
1485861713.349659	235.14164900779724	69000	1.4786355	0.89999998
1485861714.271433	236.0634229183197	69200	1.4523171	0.92500001
1485861715.269667	237.06166100502014	69400	1.4002439	0.82499999
1485861715.352166	237.14415884017944	69600	1.3674856	0.85000002
1485861716.282326	238.07431888580322	69800	1.4132721	0.82499999
1485861717.271582	239.06357383728027	70000	1.4196323	0.75
1485861717.356938	239.14893102645874	70200	1.4444625	0.72500002
1485861718.42832	240.22030901908875	70400	1.390976	0.94999999
1485861719.281934	241.07392382621765	70600	1.4512675	0.89999998
1485861719.366618	241.15861082077026	70800	1.4503018	0.92500001
1485861720.296948	242.08893990516663	71000	1.4308112	0.77499998
1485861721.280909	243.0729010105133	71200	1.3570808	0.85000002
1485861721.369141	243.16113090515137	71400	1.3869101	0.80000001
1485861722.290946	244.082937002182	71600	1.4045739	0.94999999
1485861723.284489	245.07647895812988	71800	1.4220955	0.92500001
1485861723.365894	245.1578869819641	72000	1.3480335	0.85000002
1485861724.298888	246.09087681770325	72200	1.3472408	0.89999998
1485861725.286831	247.07881999015808	72400	1.3709679	0.92500001
1485861725.372323	247.16431498527527	72600	1.4192437	0.92500001
1485861726.303889	248.09588193893433	72800	1.3822085	0.89999998
1485861727.304308	249.0963008403778	73000	1.3445494	0.85000002
1485861727.386106	249.17809796333313	73200	1.357699	0.82499999
1485861728.46117	250.2531599998474	73400	1.2993107	0.89999998
1485861729.295714	251.08770394325256	73600	1.3670366	0.82499999
1485861729.382934	251.17492699623108	73800	1.3825128	0.82499999
1485861730.313219	252.10520792007446	74000	1.3468786	0.89999998
1485861731.304224	253.09621381759644	74200	1.3658497	0.92500001
1485861731.387113	253.17910385131836	74400	1.2738985	0.80000001
1485861732.321885	254.11387491226196	74600	1.2986615	0.94999999
1485861733.305638	255.09762692451477	74800	1.2971437	0.82499999
1485861733.393743	255.1857340335846	75000	1.3169346	0.92500001
1485861734.322901	256.1148920059204	75200	1.3112781	0.85000002
1485861735.315273	257.1072618961334	75400	1.2829659	0.92500001
1485861735.397665	257.1896548271179	75600	1.2384996	0.89999998
1485861736.327285	258.11927700042725	75800	1.3029467	0.85000002
1485861737.319281	259.111270904541	76000	1.3117968	1.0
1485861737.403662	259.1956548690796	76200	1.2424383	0.80000001
1485861738.464887	260.25687885284424	76400	1.3390112	0.97500002
1485861739.319644	261.111634016037	76600	1.3404799	0.92500001
1485861739.403022	261.1950149536133	76800	1.2999799	0.92500001
1485861740.334187	262.12617588043213	77000	1.2655607	0.875
1485861741.321264	263.1132538318634	77200	1.2846032	0.89999998
1485861741.404913	263.1969039440155	77400	1.2749298	0.94999999
1485861742.336204	264.1281929016113	77600	1.2966795	0.82499999
1485861743.327229	265.11921787261963	77800	1.253939	0.89999998
1485861743.409163	265.2011549472809	78000	1.2311876	0.77499998
1485861744.342413	266.1344029903412	78200	1.2483038	0.85000002
1485861745.33113	267.1231188774109	78400	1.2722037	0.80000001
1485861745.414391	267.2063808441162	78600	1.2835172	0.92500001
1485861746.345591	268.13758301734924	78800	1.2593071	0.89999998
1485861747.343017	269.13500905036926	79000	1.2059331	0.97500002
1485861747.423708	269.21569991111755	79200	1.2604704	0.82499999
1485861748.415757	270.2077498435974	79400	1.2343171	0.97500002
1485861749.340986	271.1329758167267	79600	1.2456263	0.94999999
1485861749.424855	271.216845035553	79800	1.2761905	0.875
1485861750.355181	272.14717292785645	80000	1.2750899	0.80000001
1485861751.349862	273.14185190200806	80200	1.2191973	0.94999999
1485861751.433191	273.22518396377563	80400	1.2032026	0.94999999
1485861752.36255	274.154541015625	80600	1.1926931	0.875
1485861753.348405	275.14039397239685	80800	1.2423044	0.89999998
1485861753.43344	275.22543001174927	81000	1.1705687	0.82499999
1485861754.365307	276.15729689598083	81200	1.2291764	0.89999998
1485861755.360208	277.1521990299225	81400	1.2419341	0.94999999
1485861755.444286	277.2362759113312	81600	1.2346003	0.875
1485861756.371147	278.1631369590759	81800	1.2394357	0.92500001
1485861757.36328	279.1552720069885	82000	1.2631118	0.97500002
1485861757.453491	279.2454798221588	82200	1.2061964	0.875
1485861758.397478	280.1894669532776	82400	1.2144086	0.75
1485861759.367591	281.15958404541016	82600	1.1932156	0.97500002
1485861759.450348	281.2423379421234	82800	1.2264907	0.92500001
1485861760.378694	282.1706838607788	83000	1.1904705	0.94999999
1485861761.368659	283.1606488227844	83200	1.1786451	0.89999998
1485861761.45545	283.2474420070648	83400	1.180589	0.92500001
1485861762.38228	284.1742699146271	83600	1.2201736	0.94999999
1485861763.377481	285.169469833374	83800	1.1789786	0.92500001
1485861763.460664	285.25265288352966	84000	1.2235258	1.0
1485861764.386192	286.17818093299866	84200	1.1238682	0.97500002
1485861765.383377	287.17536902427673	84400	1.1479304	0.875
1485861765.469108	287.26109790802	84600	1.183651	0.94999999
1485861766.386437	288.1784269809723	84800	1.1741053	0.94999999
1485861767.382289	289.17427802085876	85000	1.1434695	0.875
1485861767.464368	289.2563579082489	85200	1.1501725	0.94999999
1485861768.396219	290.1882109642029	85400	1.1259948	0.94999999
1485864245.046069	5.387251138687134	200	7.1349325	0.0
1485864246.024737	6.36591911315918	400	6.2713079	0.0
1485864246.105891	6.447075128555298	600	6.4846983	0.075000003
1485864247.039714	7.380895137786865	800	6.2424955	0.0
1485864248.028768	8.36995005607605	1000	5.6836333	0.025
1485864248.109501	8.450683116912842	1200	5.627017	0.025
1485864249.040037	9.381218194961548	1400	5.6488113	0.025
1485864250.034862	10.37604308128357	1600	5.5873718	0.050000001
1485864250.11444	10.455621004104614	1800	5.4470763	0.0
1485864251.046357	11.387539148330688	2000	5.6792116	0.0
1485864252.035769	12.376950025558472	2200	5.0128937	0.0
1485864252.116231	12.457414150238037	2400	5.1792541	0.050000001
1485864253.049207	13.390392065048218	2600	5.5073986	0.050000001
1485864254.047762	14.388944149017334	2800	4.9978194	0.0
1485864254.129964	14.471148014068604	3000	4.9717212	0.025
1485864255.053498	15.394679069519043	3200	4.7189035	0.050000001
1485864256.046426	16.387607097625732	3400	4.8966117	0.050000001
1485864256.126295	16.46747899055481	3600	4.8928838	0.050000001
1485864257.060029	17.4012131690979	3800	4.7356768	0.025
1485864258.050931	18.392112970352173	4000	4.7639685	0.0
1485864258.130547	18.471729040145874	4200	4.7181673	0.050000001
1485864259.061522	19.402704000473022	4400	4.6550355	0.025
1485864260.054962	20.396146059036255	4600	4.5533719	0.050000001
1485864260.134591	20.47577214241028	4800	4.5340166	0.075000003
1485864261.064984	21.40617799758911	5000	4.6386704	0.050000001
1485864262.061325	22.402508974075317	5200	4.709661	0.125
1485864262.139504	22.48068404197693	5400	4.3913078	0.075000003
1485864263.075335	23.416516065597534	5600	4.3502231	0.0
1485864264.064298	24.40548014640808	5800	4.3076563	0.1
1485864264.146282	24.48746609687805	6000	4.2268777	0.075000003
1485864265.074782	25.41596508026123	6200	4.527101	0.075000003
1485864266.071518	26.412702083587646	6400	4.3707685	0.075000003
1485864266.150172	26.49135398864746	6600	4.3152175	0.125
1485864267.080497	27.42167901992798	6800	4.1561308	0.15000001
1485864268.074105	28.415287017822266	7000	4.2766371	0.075000003
1485864268.154117	28.49529719352722	7200	4.2510982	0.050000001
1485864269.088055	29.429237127304077	7400	4.1538596	0.050000001
1485864270.079873	30.421054124832153	7600	4.1558414	0.025
1485864270.16021	30.501392126083374	7800	4.3035817	0.1
1485864271.089067	31.430248975753784	8000	4.1724806	0.15000001
1485864272.086124	32.427308082580566	8200	3.990757	0.15000001
1485864272.1649	32.506081104278564	8400	3.9657216	0.125
1485864273.096089	33.437273025512695	8600	3.9516423	0.025
1485864274.087515	34.42869710922241	8800	4.1537514	0.22499999
1485864274.169628	34.51080918312073	9000	3.9423668	0.075000003
1485864275.098078	35.43926000595093	9200	4.0304213	0.0
1485864276.091865	36.433046102523804	9400	3.7818496	0.15000001
1485864276.171043	36.512224197387695	9600	3.8122394	0.125
1485864277.105166	37.44634819030762	9800	3.7564061	0.2
1485864278.09451	38.43569207191467	10000	3.9289582	0.1
1485864278.174934	38.51611399650574	10200	3.7724621	0.25
1485864279.105383	39.4465651512146	10400	3.6949401	0.34999999
1485864280.099703	40.440885066986084	10600	3.7940927	0.125
1485864280.179089	40.52026915550232	10800	3.8412304	0.075000003
1485864281.110503	41.451688051223755	11000	3.6297538	0.1
1485864282.106573	42.447755098342896	11200	3.7921073	0.22499999
1485864282.184011	42.52519106864929	11400	3.6605866	0.175
1485864283.117674	43.45885705947876	11600	3.6011176	0.175
1485864284.106223	44.447405099868774	11800	3.72649	0.25
1485864284.186583	44.52776312828064	12000	3.6307893	0.15000001
1485864285.118486	45.459670066833496	12200	3.6307502	0.2
1485864286.113921	46.455106019973755	12400	3.7059493	0.25
1485864286.194291	46.535470962524414	12600	3.5259902	0.175
1485864287.123327	47.46450901031494	12800	3.4668922	0.27500001
1485864288.118057	48.45923900604248	13000	3.5913453	0.075000003
1485864288.196316	48.53749704360962	13200	3.5618141	0.2
1485864289.13352	49.47470498085022	13400	3.4865966	0.2
1485864290.124799	50.465981006622314	13600	3.4874256	0.32499999
1485864290.202573	50.54375410079956	13800	3.5123849	0.2
1485864291.137047	51.47823214530945	14000	3.3817329	0.15000001
1485864292.128716	52.46989703178406	14200	3.3441253	0.22499999
1485864292.20968	52.55086302757263	14400	3.4449935	0.27500001
1485864293.137987	53.479170083999634	14600	3.3990111	0.2
1485864294.130639	54.47182297706604	14800	3.3520837	0.22499999
1485864294.207561	54.548742055892944	15000	3.3438935	0.125
1485864295.140739	55.48192310333252	15200	3.3057919	0.25
1485864296.133998	56.47517919540405	15400	3.4457448	0.175
1485864296.212401	56.553582191467285	15600	3.2657609	0.15000001
1485864297.149119	57.4903039932251	15800	3.2111049	0.32499999
1485864298.141623	58.48280715942383	16000	3.2570808	0.30000001
1485864298.222186	58.563366174697876	16200	3.2232945	0.2
1485864299.150803	59.49198818206787	16400	3.3251476	0.22499999
1485864300.147139	60.48832297325134	16600	3.2705531	0.25
1485864300.227334	60.56851601600647	16800	3.1629808	0.32499999
1485864301.157698	61.49888014793396	17000	3.2369213	0.32499999
1485864302.148674	62.48985505104065	17200	3.2128417	0.27500001
1485864302.22971	62.57089114189148	17400	3.2346516	0.25
1485864303.158098	63.49928307533264	17600	3.2312012	0.27500001
1485864304.154548	64.49573016166687	17800	3.1484315	0.32499999
1485864304.234452	64.57563400268555	18000	3.1146381	0.40000001
1485864305.171444	65.51262497901917	18200	3.1557271	0.22499999
1485864306.158492	66.49967408180237	18400	3.1584897	0.175
1485864306.239861	66.58104300498962	18600	3.0598047	0.42500001
1485864307.167376	67.50856018066406	18800	3.0533631	0.42500001
1485864308.161785	68.50296711921692	19000	3.0993466	0.27500001
1485864308.239465	68.58064603805542	19200	3.0422397	0.40000001
1485864309.173279	69.51446104049683	19400	3.1673341	0.22499999
1485864310.167192	70.50837302207947	19600	2.9791656	0.30000001
1485864310.247262	70.58844518661499	19800	3.0386202	0.44999999
1485864311.179216	71.5203971862793	20000	3.0205026	0.25
1485864312.172373	72.51355409622192	20200	2.9948008	0.30000001
1485864312.25304	72.59422206878662	20400	3.0146093	0.34999999
1485864313.183725	73.52490615844727	20600	2.9413233	0.52499998
1485864314.179566	74.52074718475342	20800	2.9669788	0.32499999
1485864314.262438	74.60362005233765	21000	2.9961057	0.175
1485864315.186427	75.52761101722717	21200	2.9023335	0.27500001
1485864316.178192	76.51937413215637	21400	2.9011395	0.34999999
1485864316.258543	76.59972500801086	21600	2.9238238	0.27500001
1485864317.191916	77.53309798240662	21800	2.8887935	0.375
1485864318.186408	78.52759003639221	22000	2.8401904	0.32499999
1485864318.266137	78.60731816291809	22200	2.8931205	0.22499999
1485864319.201952	79.54313707351685	22400	2.8609905	0.47499999
1485864320.192755	80.53393697738647	22600	2.7015369	0.5
1485864320.275203	80.61638712882996	22800	2.8825507	0.34999999
1485864321.202089	81.54327011108398	23000	2.8889127	0.30000001
1485864322.195598	82.53678011894226	23200	2.8800104	0.375
1485864322.277899	82.61908102035522	23400	2.8574436	0.5
1485864323.208452	83.54963397979736	23600	2.7212002	0.52499998
1485864324.200858	84.54203915596008	23800	2.7618659	0.32499999
1485864324.280976	84.6221570968628	24000	2.8137145	0.30000001
1485864325.214251	85.55543303489685	24200	2.7218914	0.34999999
1485864326.204416	86.54559803009033	24400	2.7435746	0.2
1485864326.2839	86.6250810623169	24600	2.7159715	0.47499999
1485864327.216897	87.55807900428772	24800	2.6854777	0.27500001
1485864328.214533	88.55571818351746	25000	2.6209073	0.32499999
1485864328.294783	88.63596701622009	25200	2.6716189	0.40000001
1485864329.22257	89.56375217437744	25400	2.7333088	0.2
1485864330.215717	90.55690097808838	25600	2.7357399	0.44999999
1485864330.297697	90.63887906074524	25800	2.6565666	0.40000001
1485864331.226655	91.56784009933472	26000	2.6610107	0.32499999
1485864332.222359	92.56354308128357	26200	2.5441341	0.22499999
1485864332.304531	92.64571213722229	26400	2.6706417	0.40000001
1485864333.23093	93.57211208343506	26600	2.5599334	0.30000001
1485864334.22404	94.5652220249176	26800	2.6283615	0.34999999
1485864334.304675	94.64585709571838	27000	2.6127057	0.34999999
1485864335.234757	95.57594609260559	27200	2.4907417	0.27500001
1485864336.227543	96.56872510910034	27400	2.5496559	0.32499999
1485864336.306722	96.64790296554565	27600	2.6031442	0.22499999
1485864337.239694	97.58087515830994	27800	2.5931282	0.27500001
1485864338.23183	98.57301115989685	28000	2.5445304	0.40000001
1485864338.311064	98.65224599838257	28200	2.5472655	0.32499999
1485864339.246156	99.58733797073364	28400	2.5107903	0.30000001
1485864340.23586	100.57704401016235	28600	2.5788553	0.375
1485864340.315959	100.6571409702301	28800	2.566251	0.44999999
1485864341.248209	101.5893931388855	29000	2.4654963	0.375
1485864342.240861	102.58204317092896	29200	2.5271668	0.375
1485864342.320062	102.66124296188354	29400	2.5117388	0.40000001
1485864343.252991	103.5941731929779	29600	2.4973245	0.375
1485864344.245075	104.58626008033752	29800	2.4963081	0.27500001
1485864344.323861	104.66504216194153	30000	2.4508271	0.44999999
1485864345.258242	105.59942603111267	30200	2.4364495	0.34999999
1485864346.2508	106.59198212623596	30400	2.4795299	0.47499999
1485864346.328919	106.67009997367859	30600	2.5100441	0.44999999
1485864347.261673	107.60285496711731	30800	2.443996	0.42500001
1485864348.254412	108.59559416770935	31000	2.4565785	0.52499998
1485864348.334069	108.67525315284729	31200	2.4849548	0.42500001
1485864349.26718	109.60836219787598	31400	2.4087071	0.375
1485864350.267525	110.60870599746704	31600	2.4265945	0.47499999
1485864350.346553	110.68773317337036	31800	2.4672234	0.44999999
1485864351.271515	111.6126971244812	32000	2.3766747	0.55000001
1485864352.265273	112.60645413398743	32200	2.332478	0.32499999
1485864352.345038	112.6862211227417	32400	2.3604879	0.5
1485864353.277277	113.61845898628235	32600	2.3689334	0.5
1485864354.267645	114.60882711410522	32800	2.3167336	0.57499999
1485864354.350878	114.69206118583679	33000	2.3313739	0.40000001
1485864355.282678	115.62386012077332	33200	2.30459	0.375
1485864356.271407	116.61258816719055	33400	2.3268399	0.52499998
1485864356.352302	116.6934859752655	33600	2.2920151	0.47499999
1485864357.28378	117.62496209144592	33800	2.2594082	0.44999999
1485864358.278518	118.61970019340515	34000	2.2343473	0.34999999
1485864358.393667	118.73485112190247	34200	2.2963324	0.55000001
1485864359.287353	119.62853407859802	34400	2.221447	0.47499999
1485864360.280635	120.621817111969	34600	2.2392242	0.47499999
1485864360.360118	120.70129799842834	34800	2.2178817	0.5
1485864361.293123	121.63430500030518	35000	2.1682515	0.44999999
1485864362.286105	122.62728714942932	35200	2.2641289	0.5
1485864362.365918	122.70710015296936	35400	2.1632581	0.60000002
1485864363.298836	123.6400191783905	35600	2.1197028	0.40000001
1485864364.289808	124.63099002838135	35800	2.2564139	0.55000001
1485864364.369431	124.71061205863953	36000	2.1787508	0.52499998
1485864365.304736	125.64591813087463	36200	2.2112813	0.42500001
1485864366.298396	126.6395800113678	36400	2.2416744	0.44999999
1485864366.384235	126.72541618347168	36600	2.184058	0.625
1485864367.308427	127.6496090888977	36800	2.1014843	0.60000002
1485864368.300448	128.6416289806366	37000	2.2813838	0.55000001
1485864368.379363	128.72054314613342	37200	2.2103438	0.625
1485864369.313944	129.65512800216675	37400	2.1021497	0.5
1485864370.304525	130.6457061767578	37600	2.2461803	0.44999999
1485864370.383242	130.72442197799683	37800	2.1659064	0.55000001
1485864371.319602	131.66078400611877	38000	2.1379905	0.57499999
1485864372.314258	132.6554400920868	38200	2.1770704	0.625
1485864372.393372	132.7345530986786	38400	2.1282058	0.375
1485864373.32463	133.66581201553345	38600	2.1025167	0.52499998
1485864374.31446	134.6556420326233	38800	2.2785249	0.69999999
1485864374.395678	134.73686003684998	39000	2.1074176	0.40000001
1485864375.327753	135.6689350605011	39200	2.1425331	0.55000001
1485864376.318143	136.65932512283325	39400	2.0842717	0.67500001
1485864376.398239	136.73942112922668	39600	2.0986428	0.47499999
1485864377.334002	137.67518401145935	39800	2.1616719	0.67500001
1485864378.321982	138.66316413879395	40000	2.1368089	0.5
1485864378.401166	138.74234914779663	40200	2.06601	0.52499998
1485864379.337091	139.6782751083374	40400	2.0347829	0.77499998
1485864380.327379	140.6685609817505	40600	2.1484835	0.5
1485864380.409434	140.75062704086304	40800	2.0683503	0.47499999
1485864381.347969	141.6891531944275	41000	2.0140622	0.57499999
1485864382.336628	142.6778120994568	41200	2.0814309	0.5
1485864382.416861	142.758043050766	41400	2.0168314	0.57499999
1485864383.347429	143.6886110305786	41600	2.0725999	0.69999999
1485864384.338522	144.67970418930054	41800	2.0522377	0.52499998
1485864384.422645	144.76383018493652	42000	1.9700243	0.47499999
1485864385.353192	145.69437503814697	42200	2.0199859	0.57499999
1485864386.342402	146.68358302116394	42400	2.0167232	0.625
1485864386.421991	146.76317310333252	42600	1.921044	0.60000002
1485864387.394128	147.73531007766724	42800	1.9340957	0.67500001
1485864388.344817	148.68599915504456	43000	2.0136116	0.60000002
1485864388.424252	148.76543307304382	43200	1.9458424	0.57499999
1485864389.362698	149.70388007164001	43400	1.9165169	0.57499999
1485864390.350078	150.6912591457367	43600	1.9161724	0.52499998
1485864390.428995	150.77017617225647	43800	1.9068825	0.57499999
1485864391.362858	151.70404314994812	44000	1.9688152	0.625
1485864392.358729	152.6999430656433	44200	1.8914955	0.55000001
1485864392.438384	152.77956819534302	44400	1.9429271	0.64999998
1485864393.367753	153.70893716812134	44600	1.9494555	0.67500001
1485864394.359194	154.70037603378296	44800	1.8988022	0.60000002
1485864394.439276	154.7804570198059	45000	1.9162858	0.64999998
1485864395.376861	155.71804308891296	45200	1.9337002	0.75
1485864396.36722	156.70840096473694	45400	1.9533672	0.57499999
1485864396.447701	156.78888201713562	45600	1.8448913	0.64999998
1485864397.37535	157.71653199195862	45800	1.9081678	0.80000001
1485864398.368497	158.7096791267395	46000	1.8669555	0.57499999
1485864398.447307	158.78848719596863	46200	1.8577242	0.67500001
1485864399.382502	159.72368717193604	46400	1.9250019	0.72500002
1485864400.376462	160.71764612197876	46600	1.8845417	0.64999998
1485864400.455956	160.79714012145996	46800	1.8440002	0.67500001
1485864401.384689	161.7258710861206	47000	1.9481227	0.67500001
1485864402.379476	162.72065711021423	47200	1.8235012	0.72500002
1485864402.459013	162.80019402503967	47400	1.8977791	0.64999998
1485864403.388549	163.72973108291626	47600	1.8879766	0.55000001
1485864404.381516	164.72269797325134	47800	1.7827919	0.625
1485864404.460921	164.80210208892822	48000	1.8041389	0.75
1485864405.39219	165.73337197303772	48200	1.8710368	0.75
1485864406.388335	166.7295160293579	48400	1.8444592	0.60000002
1485864406.468973	166.81015801429749	48600	1.7825549	0.625
1485864407.401884	167.74306917190552	48800	1.7788166	0.82499999
1485864408.394347	168.73552799224854	49000	1.8062694	0.75
1485864408.475259	168.81644010543823	49200	1.7736769	0.72500002
1485864409.407666	169.748850107193	49400	1.9101197	0.72500002
1485864410.397392	170.73857307434082	49600	1.7374512	0.69999999
1485864410.477436	170.8186161518097	49800	1.7710644	0.67500001
1485864411.408949	171.7501301765442	50000	1.8591465	0.72500002
1485864412.401568	172.742751121521	50200	1.758865	0.77499998
1485864412.480703	172.8218879699707	50400	1.78031	0.69999999
1485864413.418167	173.75935101509094	50600	1.7668841	0.77499998
1485864414.404932	174.7461130619049	50800	1.7847151	0.67500001
1485864414.487271	174.82845497131348	51000	1.8186821	0.75
1485864415.417493	175.7586750984192	51200	1.781086	0.72500002
1485864416.442227	176.78340911865234	51400	1.7075703	0.72500002
1485864416.523578	176.86475896835327	51600	1.7973754	0.67500001
1485864417.422843	177.76402497291565	51800	1.7393671	0.77499998
1485864418.417175	178.7583601474762	52000	1.6762909	0.75
1485864418.497869	178.8390531539917	52200	1.7649463	0.67500001
1485864419.42758	179.76876401901245	52400	1.6886272	0.77499998
1485864420.421334	180.76251602172852	52600	1.6417115	0.72500002
1485864420.501568	180.84274911880493	52800	1.7708629	0.72500002
1485864421.435229	181.7764220237732	53000	1.7478462	0.75
1485864422.424566	182.76575016975403	53200	1.6994501	0.69999999
1485864422.506062	182.84724402427673	53400	1.713541	0.67500001
1485864423.437547	183.77872896194458	53600	1.6024172	0.77499998
1485864424.43033	184.77151107788086	53800	1.6551206	0.82499999
1485864424.511237	184.85242104530334	54000	1.6953487	0.80000001
1485864425.444088	185.78526997566223	54200	1.6078399	0.69999999
1485864426.436594	186.77777910232544	54400	1.6067536	0.55000001
1485864426.519376	186.86055707931519	54600	1.6249977	0.82499999
1485864427.456513	187.79769706726074	54800	1.5887003	0.75
1485864428.441867	188.78304815292358	55000	1.5974863	0.85000002
1485864428.523055	188.8642361164093	55200	1.6182165	0.80000001
1485864429.452847	189.79402899742126	55400	1.623085	0.57499999
1485864430.442706	190.78388714790344	55600	1.6192811	0.82499999
1485864430.524084	190.8652651309967	55800	1.6100299	0.75
1485864431.454614	191.79579615592957	56000	1.6010196	0.69999999
1485864432.447557	192.78874111175537	56200	1.5480998	0.67500001
1485864432.528173	192.86935305595398	56400	1.6343025	0.64999998
1485864433.45801	193.7991921901703	56600	1.5807257	0.80000001
1485864434.452102	194.79328608512878	56800	1.5701762	0.69999999
1485864434.53561	194.87679409980774	57000	1.5864294	0.75
1485864435.466131	195.80731296539307	57200	1.5486352	0.67500001
1485864436.46032	196.80150413513184	57400	1.5904496	0.72500002
1485864436.541376	196.8825581073761	57600	1.6126541	0.69999999
1485864437.471543	197.8127281665802	57800	1.5908887	0.69999999
1485864438.461667	198.80284810066223	58000	1.5614475	0.75
1485864438.541236	198.8824200630188	58200	1.5943444	0.69999999
1485864439.473931	199.8151149749756	58400	1.549463	0.69999999
1485864440.46567	200.80685210227966	58600	1.5963088	0.80000001
1485864440.543725	200.8849060535431	58800	1.5914186	0.85000002
1485864441.478067	201.8192491531372	59000	1.5030421	0.64999998
1485864442.470085	202.81126809120178	59200	1.602093	0.625
1485864442.552509	202.89369010925293	59400	1.5717475	0.67500001
1485864443.48144	203.82262110710144	59600	1.5179526	0.80000001
1485864444.478141	204.81932306289673	59800	1.5434211	0.72500002
1485864444.558794	204.89997816085815	60000	1.5323098	0.72500002
1485864445.490181	205.83136296272278	60200	1.526215	0.67500001
1485864446.481047	206.82223105430603	60400	1.5477635	0.67500001
1485864446.562517	206.9036979675293	60600	1.5825698	0.82499999
1485864447.493844	207.83502912521362	60800	1.4946272	0.64999998
1485864448.486565	208.8277461528778	61000	1.5287611	0.80000001
1485864448.567481	208.9086630344391	61200	1.5720069	0.75
1485864449.501357	209.84254002571106	61400	1.4880795	0.72500002
1485864450.49319	210.83437204360962	61600	1.5126202	0.85000002
1485864450.573201	210.914381980896	61800	1.5570892	0.77499998
1485864451.501925	211.84310913085938	62000	1.4786713	0.75
1485864452.494919	212.83610105514526	62200	1.465474	0.57499999
1485864452.57525	212.91643404960632	62400	1.5045679	0.85000002
1485864453.507184	213.84836602210999	62600	1.4839611	0.92500001
1485864454.503208	214.844388961792	62800	1.4400923	0.875
1485864454.585527	214.92670917510986	63000	1.4552344	0.75
1485864455.513204	215.8543860912323	63200	1.4481313	0.72500002
1485864456.508031	216.84921312332153	63400	1.463177	0.85000002
1485864456.590034	216.9312150478363	63600	1.4560391	0.75
1485864457.517952	217.8591341972351	63800	1.4141386	0.80000001
1485864458.508183	218.84936499595642	64000	1.3909388	0.85000002
1485864458.587773	218.92895698547363	64200	1.4307648	0.77499998
1485864459.522512	219.8636929988861	64400	1.3697857	0.85000002
1485864460.51404	220.85522198677063	64600	1.4045017	0.85000002
1485864460.593374	220.93455696105957	64800	1.41113	0.875
1485864461.523558	221.8647391796112	65000	1.3406603	0.77499998
1485864462.520746	222.86192798614502	65200	1.4400784	0.80000001
1485864462.60166	222.94284105300903	65400	1.4020615	0.92500001
1485864463.528267	223.86946296691895	65600	1.3110108	0.75
1485864464.525571	224.8667540550232	65800	1.4281347	0.82499999
1485864464.60595	224.9471321105957	66000	1.4009997	0.85000002
1485864465.536777	225.8779580593109	66200	1.3740438	0.82499999
1485864466.529823	226.87100410461426	66400	1.4143589	0.875
1485864466.616114	226.95729804039001	66600	1.3862925	0.875
1485864467.539653	227.88083600997925	66800	1.3024695	0.82499999
1485864468.531289	228.872474193573	67000	1.4670016	0.82499999
1485864468.613086	228.95427107810974	67200	1.3901393	0.82499999
1485864469.549315	229.89049696922302	67400	1.315285	0.875
1485864470.53489	230.87607097625732	67600	1.4369231	0.875
1485864470.616533	230.95771408081055	67800	1.3757472	0.77499998
1485864471.548501	231.88968300819397	68000	1.3629363	0.82499999
1485864472.539856	232.88104009628296	68200	1.3825328	0.875
1485864472.620055	232.96123719215393	68400	1.3642365	0.875
1485864473.557752	233.89893317222595	68600	1.3592579	0.89999998
1485864474.545041	234.88622307777405	68800	1.4676254	0.94999999
1485864474.626368	234.96755003929138	69000	1.3359197	0.80000001
1485864475.555477	235.89665913581848	69200	1.369789	0.80000001
1485864476.549245	236.89042711257935	69400	1.3731081	0.92500001
1485864476.633225	236.97440600395203	69600	1.3360879	0.875
1485864477.564176	237.9053599834442	69800	1.3741606	0.92500001
1485864478.553991	238.89517617225647	70000	1.3798739	0.72500002
1485864478.635125	238.97631001472473	70200	1.3240497	0.77499998
1485864479.564003	239.90518498420715	70400	1.3230418	0.94999999
1485864480.558198	240.89938497543335	70600	1.4016335	0.72500002
1485864480.639312	240.98049402236938	70800	1.3300211	0.80000001
1485864481.573994	241.9151749610901	71000	1.3115851	0.89999998
1485864482.561802	242.90298318862915	71200	1.3468646	0.82499999
1485864482.641521	242.98270511627197	71400	1.3206066	0.89999998
1485864483.574734	243.91591501235962	71600	1.3479662	0.89999998
1485864484.566899	244.90808296203613	71800	1.3350136	0.77499998
1485864484.646488	244.9876730442047	72000	1.2693039	0.77499998
1485864485.577902	245.91908717155457	72200	1.2891699	0.875
1485864486.571494	246.91267609596252	72400	1.2680758	0.80000001
1485864486.657836	246.9990200996399	72600	1.2365128	0.85000002
1485864487.581264	247.92244911193848	72800	1.2469189	0.77499998
1485864488.58551	248.92669200897217	73000	1.3017422	0.89999998
1485864488.666237	249.00741910934448	73200	1.2374442	0.82499999
1485864489.586941	249.92812299728394	73400	1.2422192	0.89999998
1485864490.580221	250.92140316963196	73600	1.2451922	0.75
1485864490.66201	251.00319409370422	73800	1.2073323	0.875
1485864491.593049	251.93423199653625	74000	1.2957411	0.92500001
1485864492.584483	252.92566514015198	74200	1.2233683	0.82499999
1485864492.664824	253.00600600242615	74400	1.2456154	0.89999998
1485864493.595457	253.93663811683655	74600	1.2977867	0.80000001
1485864494.588003	254.92918515205383	74800	1.2452997	0.85000002
1485864494.669341	255.01052498817444	75000	1.2342877	0.80000001
1485864495.59966	255.94084215164185	75200	1.2690891	0.89999998
1485864496.595391	256.93657207489014	75400	1.2509259	0.85000002
1485864496.675538	257.0167200565338	75600	1.2070017	0.82499999
1485864497.605538	257.9467191696167	75800	1.2674586	0.94999999
1485864498.596583	258.9377679824829	76000	1.2196238	0.77499998
1485864498.675657	259.01683807373047	76200	1.2275823	0.875
1485864499.610361	259.95154213905334	76400	1.2722822	0.89999998
1485864500.600511	260.94169211387634	76600	1.2186028	0.82499999
1485864500.682081	261.0232620239258	76800	1.2180744	0.85000002
1485864501.612867	261.95405101776123	77000	1.2685181	0.89999998
1485864502.606256	262.9474370479584	77200	1.2099047	0.89999998
1485864502.685996	263.0271761417389	77400	1.2348778	0.92500001
1485864503.617865	263.9590470790863	77600	1.2478833	0.80000001
1485864504.611647	264.95283102989197	77800	1.1538899	0.77499998
1485864504.692193	265.0333740711212	78000	1.1677217	0.94999999
1485864505.624583	265.96576714515686	78200	1.2272056	0.97500002
1485864506.614208	266.9553921222687	78400	1.1940362	0.92500001
1485864506.694562	267.03574419021606	78600	1.1711706	0.875
1485864507.62955	267.97073197364807	78800	1.1822598	0.89999998
1485864508.622884	268.96406602859497	79000	1.1876357	0.92500001
1485864508.702484	269.0436680316925	79200	1.1709838	0.85000002
1485864509.63254	269.9737231731415	79400	1.23411	0.94999999
1485864510.625813	270.9669940471649	79600	1.1589715	0.82499999
1485864510.704897	271.04607915878296	79800	1.1773232	0.89999998
1485864511.635928	271.97711205482483	80000	1.2403301	0.94999999
1485864512.63111	272.9722921848297	80200	1.1536471	0.89999998
1485864512.711476	273.05265617370605	80400	1.1822788	0.85000002
1485864513.641143	273.98232412338257	80600	1.1814097	0.875
1485864514.641977	274.9831590652466	80800	1.1908679	0.875
1485864514.722965	275.06414699554443	81000	1.200727	0.97500002
1485864515.645703	275.98688411712646	81200	1.2046541	0.97500002
1485864516.636505	276.9776861667633	81400	1.1432921	0.85000002
1485864516.71727	277.0584511756897	81600	1.1940792	0.97500002
1485864517.648085	277.9892671108246	81800	1.1704233	0.875
1485864518.646243	278.98742508888245	82000	1.123578	0.92500001
1485864518.727414	279.06859517097473	82200	1.1920091	0.875
1485864519.654624	279.995805978775	82400	1.1109344	1.0
1485864520.646947	280.98812913894653	82600	1.1171032	1.0
1485864520.7261	281.0672810077667	82800	1.1976217	0.92500001
1485864521.659246	282.0004301071167	83000	1.1399176	0.92500001
1485864522.650673	282.99185705184937	83200	1.1229292	0.94999999
1485864522.730869	283.0720500946045	83400	1.1520319	0.92500001
1485864523.664586	284.00576996803284	83600	1.0677741	0.92500001
1485864524.655242	284.99642419815063	83800	1.0897868	0.89999998
1485864524.734513	285.0756940841675	84000	1.1163583	0.94999999
1485864525.666207	286.0073881149292	84200	1.0589978	0.89999998
1485864526.66078	287.00196409225464	84400	1.0634485	0.89999998
1485864526.742368	287.0835521221161	84600	1.0925595	0.92500001
1485864527.672567	288.01374912261963	84800	1.0536605	0.89999998
1485864528.665068	289.00625014305115	85000	1.0529114	0.92500001
1485864528.746458	289.0876410007477	85200	1.0722024	0.92500001
1485864529.70497	290.0461540222168	85400	1.0691668	0.92500001
1485864530.670377	291.0115611553192	85600	1.0723332	0.94999999
1485864530.751412	291.09259510040283	85800	1.0830358	0.89999998
1485864531.681468	292.0226500034332	86000	1.0709236	0.92500001
1485864532.673573	293.01475501060486	86200	1.0438553	0.875
1485864532.754276	293.0954601764679	86400	1.0992266	0.89999998
1485864533.686777	294.0279619693756	86600	1.0672444	0.89999998
1485864534.678258	295.0194420814514	86800	1.0461528	0.92500001
1485864534.759737	295.1009199619293	87000	1.065398	0.97500002
1485864535.688573	296.02975511550903	87200	1.0616405	0.92500001
1485864536.683181	297.0243651866913	87400	1.0649297	0.92500001
1485864536.764936	297.1061210632324	87600	1.0820972	0.875
1485864537.694616	298.03579807281494	87800	1.0787266	0.92500001
1485864538.686323	299.02750515937805	88000	1.0641876	0.97500002
1485864538.766457	299.1076409816742	88200	1.0719945	0.97500002
1485864539.754915	300.09609603881836	88400	1.0565003	0.92500001
1485864540.692891	301.03407311439514	88600	1.0701804	0.97500002
1485864540.774217	301.11539912223816	88800	1.0723699	0.97500002
1485864541.703158	302.0443420410156	89000	1.0136727	0.82499999
1485864542.695055	303.03623700141907	89200	1.0972477	0.85000002
1485864542.774691	303.1158721446991	89400	1.0644166	0.97500002
1485864543.7082	304.04938197135925	89600	0.9968279	0.97500002
1485864544.698088	305.03927302360535	89800	1.0321587	0.92500001
1485864544.778888	305.12007212638855	90000	1.0407556	0.89999998
1485864545.711428	306.0526089668274	90200	1.0292494	0.80000001
1485864546.703519	307.04470109939575	90400	1.0543989	0.97500002
1485864546.783898	307.1250801086426	90600	1.0682305	0.97500002
1485864547.716178	308.05736017227173	90800	1.0002226	0.85000002
1485864548.70638	309.04756116867065	91000	1.0231763	0.97500002
1485864548.785437	309.12661719322205	91200	1.0540962	0.875
1485864549.769606	310.11078810691833	91400	1.00595	0.94999999
1485864550.714127	311.05531215667725	91600	1.0334057	0.94999999
1485864550.795089	311.13627219200134	91800	1.0663872	0.85000002
1485878150.324383	2.297001838684082	200	8.5692492	0.050000001
1485878150.404737	2.3773558139801025	400	8.146677	0.025
1485878150.485299	2.457920789718628	600	7.1921463	0.0
1485878150.570169	2.5427908897399902	800	6.6702714	0.0
1485878150.654409	2.627027988433838	1000	6.5731077	0.0
1485878150.738105	2.7107248306274414	1200	6.0881138	0.050000001
1485878150.817991	2.790609836578369	1400	6.1471677	0.0
1485878150.900226	2.872844934463501	1600	6.1586843	0.025
1485878150.980938	2.953557014465332	1800	5.804635	0.0
1485878151.06229	3.0349090099334717	2000	5.6469231	0.025
1485878151.142488	3.1151068210601807	2200	5.690362	0.0
1485878151.220655	3.1932759284973145	2400	5.2726259	0.025
1485878151.301352	3.273984909057617	2600	5.4904976	0.0
1485878151.38606	3.3586788177490234	2800	5.3299041	0.0
1485878151.465576	3.4381937980651855	3000	5.4617448	0.025
1485878151.551201	3.523819923400879	3200	5.0063882	0.0
1485878151.633305	3.6059257984161377	3400	5.1866026	0.0
1485878151.714241	3.6868629455566406	3600	5.0373044	0.025
1485878151.793757	3.7663779258728027	3800	5.0016174	0.0
1485878151.876322	3.848939895629883	4000	4.8052502	0.0
1485878151.957243	3.9298620223999023	4200	4.9650979	0.025
1485878152.040284	4.0129029750823975	4400	4.8930306	0.025
1485878152.119779	4.092396974563599	4600	4.6907034	0.025
1485878152.199181	4.171798944473267	4800	4.6730337	0.025
1485878152.28072	4.253337860107422	5000	4.8641181	0.0
1485878152.362337	4.334956884384155	5200	4.5403605	0.0
1485878152.44498	4.417601823806763	5400	4.5885115	0.050000001
1485878152.529092	4.501710891723633	5600	4.5537496	0.025
1485878152.614696	4.58731484413147	5800	4.5763564	0.0
1485878152.697046	4.6696648597717285	6000	4.663085	0.0
1485878152.777683	4.7503039836883545	6200	4.6138663	0.050000001
1485878152.858407	4.831027984619141	6400	4.6026683	0.075000003
1485878152.939986	4.912604808807373	6600	4.4394231	0.0
1485878153.01865	4.991268873214722	6800	4.5231586	0.0
1485878153.100009	5.072626829147339	7000	4.3945098	0.025
1485878153.180516	5.153134822845459	7200	4.4030695	0.050000001
1485878153.263091	5.23570990562439	7400	4.3566623	0.025
1485878153.345814	5.318432807922363	7600	4.3339009	0.075000003
1485878153.427476	5.400094985961914	7800	4.2605476	0.025
1485878153.509117	5.481734991073608	8000	4.4685402	0.025
1485878153.597213	5.569831848144531	8200	4.300355	0.050000001
1485878153.680812	5.653432846069336	8400	4.3148103	0.0
1485878153.761052	5.733670949935913	8600	4.2303977	0.125
1485878153.840456	5.813076972961426	8800	4.2410345	0.075000003
1485878153.919817	5.892438888549805	9000	4.2565851	0.0
1485878153.998238	5.9708569049835205	9200	4.1541796	0.075000003
1485878154.079357	6.051977872848511	9400	4.1827993	0.075000003
1485878154.160394	6.133015871047974	9600	4.0153933	0.1
1485878154.242798	6.21541690826416	9800	4.0585928	0.025
1485878154.32456	6.2971789836883545	10000	4.1870818	0.075000003
1485878154.406903	6.379520893096924	10200	4.1429343	0.1
1485878154.489684	6.462302923202515	10400	3.9616733	0.075000003
1485878154.578299	6.550917863845825	10600	3.9898758	0.050000001
1485878154.660215	6.632835865020752	10800	4.0040712	0.1
1485878154.741813	6.714430809020996	11000	3.930933	0.050000001
1485878154.821297	6.793917894363403	11200	4.0447698	0.025
1485878154.903009	6.8756279945373535	11400	4.0468273	0.025
1485878154.982595	6.955215930938721	11600	4.0568323	0.0
1485878155.063671	7.036289930343628	11800	3.8017478	0.125
1485878155.144266	7.116886854171753	12000	3.9777446	0.1
1485878155.223562	7.1961798667907715	12200	3.9250538	0.050000001
1485878155.305434	7.27805495262146	12400	3.7886143	0.1
1485878155.385398	7.3580169677734375	12600	3.7888217	0.0
1485878155.467758	7.440378904342651	12800	3.8497176	0.050000001
1485878155.546785	7.51940393447876	13000	3.7308922	0.025
1485878155.630075	7.6026928424835205	13200	3.758986	0.025
1485878155.710425	7.683043956756592	13400	3.8029912	0.125
1485878155.79018	7.762800931930542	13600	3.7838464	0.1
1485878155.870205	7.8428239822387695	13800	3.7111652	0.050000001
1485878155.950469	7.923086881637573	14000	3.7144203	0.1
1485878156.0308	8.00341796875	14200	3.6053119	0.025
1485878156.112894	8.08551287651062	14400	3.6163068	0.075000003
1485878156.194992	8.167612791061401	14600	3.7744393	0.125
1485878156.275847	8.248464822769165	14800	3.6733696	0.15000001
1485878156.355411	8.328029870986938	15000	3.6036026	0.2
1485878156.436352	8.408971786499023	15200	3.6748128	0.175
1485878156.516198	8.488816976547241	15400	3.612056	0.075000003
1485878156.600853	8.573472023010254	15600	3.4614711	0.125
1485878156.682649	8.655269861221313	15800	3.5172553	0.2
1485878156.76647	8.739089012145996	16000	3.6705525	0.125
1485878156.849894	8.822515964508057	16200	3.5366044	0.125
1485878156.930962	8.903580904006958	16400	3.5497189	0.125
1485878157.012433	8.98505187034607	16600	3.6251245	0.2
1485878157.093567	9.06618595123291	16800	3.4223571	0.175
1485878157.17301	9.1456298828125	17000	3.4583993	0.075000003
1485878157.251444	9.224061965942383	17200	3.5837054	0.075000003
1485878157.331771	9.304388999938965	17400	3.4362514	0.175
1485878157.412299	9.384919881820679	17600	3.4510796	0.15000001
1485878157.496309	9.468928813934326	17800	3.3746915	0.15000001
1485878157.578487	9.551105976104736	18000	3.3374133	0.1
1485878157.66423	9.636851787567139	18200	3.4500568	0.175
1485878157.746823	9.719441890716553	18400	3.376159	0.2
1485878157.836013	9.808631896972656	18600	3.3881443	0.075000003
1485878157.919169	9.891786813735962	18800	3.2270088	0.15000001
1485878158.000112	9.97273302078247	19000	3.3138969	0.175
1485878158.131866	10.104483842849731	19200	3.3682747	0.125
1485878158.293667	10.266284942626953	19400	3.2704933	0.22499999
1485878158.376318	10.348936796188354	19600	3.3544502	0.125
1485878158.457557	10.430177927017212	19800	3.3182602	0.15000001
1485878158.538165	10.510783910751343	20000	3.308866	0.15000001
1485878158.627009	10.599639892578125	20200	3.2609534	0.25
1485878158.708233	10.680850982666016	20400	3.2162156	0.175
1485878158.793236	10.765854835510254	20600	3.3197823	0.15000001
1485878158.87526	10.847880840301514	20800	3.2105784	0.27500001
1485878158.959193	10.931810855865479	21000	3.1240687	0.2
1485878159.041669	11.014290809631348	21200	3.2281761	0.22499999
1485878159.1238	11.096418857574463	21400	3.1764741	0.2
1485878159.22016	11.192778825759888	21600	3.1521912	0.27500001
1485878159.300386	11.27300500869751	21800	3.136224	0.32499999
1485878159.38341	11.356030941009521	22000	3.188046	0.1
1485878159.462901	11.435518980026245	22200	3.2213531	0.22499999
1485878159.54228	11.514900922775269	22400	3.1366184	0.32499999
1485878159.624495	11.597112894058228	22600	3.2137794	0.25
1485878159.703905	11.676535844802856	22800	2.9898334	0.175
1485878159.78854	11.76118278503418	23000	3.0702133	0.125
1485878159.877656	11.850276947021484	23200	3.1414094	0.32499999
1485878159.965679	11.938299894332886	23400	2.9514916	0.32499999
1485878160.046108	12.018725872039795	23600	3.0909364	0.27500001
1485878160.125615	12.098233938217163	23800	3.1113639	0.175
1485878160.206708	12.179327011108398	24000	2.8757501	0.32499999
1485878160.287714	12.260332822799683	24200	2.9131858	0.30000001
1485878160.37047	12.343088865280151	24400	2.9924347	0.30000001
1485878160.45176	12.424378871917725	24600	2.9137974	0.32499999
1485878160.532299	12.504917860031128	24800	3.0050054	0.27500001
1485878160.628126	12.60074782371521	25000	3.0127995	0.15000001
1485878160.709734	12.682355880737305	25200	2.970916	0.27500001
1485878160.790129	12.762746810913086	25400	2.9663935	0.27500001
1485878160.871344	12.843961954116821	25600	2.8940125	0.25
1485878160.95385	12.92647099494934	25800	2.9096332	0.27500001
1485878161.034766	13.007386922836304	26000	2.911962	0.25
1485878161.114644	13.087262868881226	26200	2.8644588	0.40000001
1485878161.193958	13.166575908660889	26400	2.8154483	0.25
1485878161.272298	13.244916915893555	26600	2.9301429	0.40000001
1485878161.354354	13.326974868774414	26800	2.974556	0.42500001
1485878161.435015	13.407632827758789	27000	2.9085903	0.27500001
1485878161.518371	13.490988969802856	27200	2.8640046	0.27500001
1485878161.603382	13.576000928878784	27400	2.7669868	0.375
1485878161.686037	13.658657789230347	27600	2.9056652	0.32499999
1485878161.765648	13.738266944885254	27800	2.7166953	0.22499999
1485878161.846377	13.818995952606201	28000	2.8315537	0.375
1485878161.928099	13.900720834732056	28200	2.811161	0.42500001
1485878162.016268	13.988889932632446	28400	2.727138	0.34999999
1485878162.102935	14.075553894042969	28600	2.834065	0.32499999
1485878162.184923	14.157543897628784	28800	2.6736293	0.42500001
1485878162.265488	14.23810887336731	29000	2.7424514	0.40000001
1485878162.344279	14.316897869110107	29200	2.7420573	0.375
1485878162.425133	14.397753953933716	29400	2.6950698	0.44999999
1485878162.518055	14.490675926208496	29600	2.7349129	0.52499998
1485878162.61423	14.586850881576538	29800	2.6587987	0.32499999
1485878162.695966	14.668584823608398	30000	2.6044891	0.375
1485878162.778708	14.7513267993927	30200	2.7212164	0.40000001
1485878162.861482	14.83410096168518	30400	2.6731877	0.44999999
1485878162.942981	14.915599822998047	30600	2.6082711	0.44999999
1485878163.024922	14.99754285812378	30800	2.6510246	0.44999999
1485878163.106732	15.07938289642334	31000	2.553575	0.32499999
1485878163.19012	15.16274094581604	31200	2.5502	0.40000001
1485878163.27052	15.243138790130615	31400	2.5885339	0.32499999
1485878163.353748	15.326366901397705	31600	2.5300956	0.47499999
1485878163.436085	15.408705949783325	31800	2.5483105	0.44999999
1485878163.518551	15.491169929504395	32000	2.4751759	0.34999999
1485878163.660119	15.632740020751953	32200	2.5582647	0.44999999
1485878163.740831	15.713449001312256	32400	2.4601891	0.44999999
1485878164.670294	16.642911911010742	32600	2.4076931	0.375
1485878165.66782	17.64043879508972	32800	2.4654408	0.30000001
1485878165.749938	17.7225558757782	33000	2.3626199	0.47499999
1485878166.677824	18.650441884994507	33200	2.4933414	0.375
1485878167.678493	19.651111841201782	33400	2.4351411	0.40000001
1485878167.759428	19.732046842575073	33600	2.3108621	0.42500001
1485878168.682606	20.655226945877075	33800	2.4451437	0.57499999
1485878169.679227	21.651845932006836	34000	2.3295043	0.30000001
1485878169.759251	21.73186993598938	34200	2.3527677	0.34999999
1485878170.688084	22.66070294380188	34400	2.4258909	0.40000001
1485878171.676666	23.649284839630127	34600	2.3473535	0.47499999
1485878171.75688	23.729498863220215	34800	2.3632503	0.52499998
1485878172.696931	24.6695499420166	35000	2.4067492	0.47499999
1485878173.690139	25.662758827209473	35200	2.318805	0.44999999
1485878173.77237	25.744988918304443	35400	2.3306785	0.60000002
1485878174.697268	26.669886827468872	35600	2.4140754	0.52499998
1485878175.68968	27.662298917770386	35800	2.3992569	0.52499998
1485878175.77073	27.743348836898804	36000	2.358335	0.34999999
1485878176.700743	28.67336082458496	36200	2.3158584	0.52499998
1485878177.714995	29.687615871429443	36400	2.3185863	0.64999998
1485878177.834983	29.807601928710938	36600	2.3011088	0.47499999
1485878178.705172	30.677793979644775	36800	2.2559507	0.52499998
1485878179.711386	31.68400502204895	37000	2.1487839	0.40000001
1485878179.792868	31.7654869556427	37200	2.3260069	0.57499999
1485878180.710101	32.682721853256226	37400	2.2579303	0.47499999
1485878181.708152	33.68077301979065	37600	2.2343402	0.625
1485878181.78945	33.76207089424133	37800	2.1900539	0.55000001
1485878182.726856	34.69947791099548	38000	2.2376761	0.52499998
1485878183.710168	35.68278694152832	38200	2.220387	0.67500001
1485878183.791648	35.76426696777344	38400	2.1571527	0.5
1485878184.720446	36.69306778907776	38600	2.1984794	0.625
1485878185.715974	37.688594818115234	38800	2.1847253	0.52499998
1485878185.795771	37.76838994026184	39000	2.1994884	0.55000001
1485878186.726231	38.69885182380676	39200	2.1671238	0.40000001
1485878187.716395	39.68901300430298	39400	2.0835559	0.625
1485878187.796548	39.76916694641113	39600	2.0453739	0.60000002
1485878188.728828	40.70144987106323	39800	2.1087537	0.57499999
1485878189.723317	41.69593596458435	40000	2.1061218	0.67500001
1485878189.807	41.77961778640747	40200	2.0560303	0.5
1485878190.732831	42.70544981956482	40400	2.1582513	0.64999998
1485878191.727786	43.7004189491272	40600	2.0512924	0.625
1485878191.808855	43.781473875045776	40800	2.0386996	0.57499999
1485878192.738934	44.71155595779419	41000	2.0943053	0.64999998
1485878193.733491	45.70611000061035	41200	2.0223248	0.69999999
1485878193.814483	45.78710198402405	41400	2.1871912	0.47499999
1485878194.74341	46.716028928756714	41600	2.0119767	0.69999999
1485878195.733805	47.70642685890198	41800	2.0003426	0.55000001
1485878195.815673	47.78829288482666	42000	1.9861908	0.60000002
1485878196.748778	48.721396923065186	42200	1.9171079	0.625
1485878197.738281	49.710901975631714	42400	1.9197752	0.42500001
1485878197.820197	49.792815923690796	42600	2.0022457	0.67500001
1485878198.754557	50.72717785835266	42800	1.9238847	0.57499999
1485878199.743997	51.716617822647095	43000	1.8843076	0.64999998
1485878199.825569	51.79818797111511	43200	1.9822395	0.5
1485878200.756565	52.729182958602905	43400	1.9112355	0.75
1485878201.747716	53.72033381462097	43600	1.918713	0.82499999
1485878201.828984	53.801602840423584	43800	1.9161037	0.60000002
1485878202.767494	54.74011182785034	44000	1.8489788	0.625
1485878203.753367	55.72598600387573	44200	1.8829238	0.67500001
1485878203.833101	55.80571985244751	44400	1.9461048	0.67500001
1485878204.769494	56.74211287498474	44600	1.8393409	0.72500002
1485878205.757747	57.73036599159241	44800	1.8525994	0.625
1485878205.839138	57.81175684928894	45000	1.902581	0.75
1485878206.771594	58.74421191215515	45200	1.8318374	0.80000001
1485878207.762452	59.7350709438324	45400	1.8553566	0.69999999
1485878207.841144	59.81376600265503	45600	1.8766687	0.77499998
1485878208.776258	60.748875856399536	45800	1.9079224	0.47499999
1485878209.765696	61.73831391334534	46000	1.8192222	0.69999999
1485878209.846218	61.81883692741394	46200	1.8696846	0.69999999
1485878210.779327	62.75194597244263	46400	1.8496892	0.67500001
1485878211.769753	63.742371797561646	46600	1.8330009	0.60000002
1485878211.848327	63.82094597816467	46800	1.8420608	0.60000002
1485878212.782019	64.75463795661926	47000	1.8284853	0.625
1485878213.775142	65.74776291847229	47200	1.7691132	0.69999999
1485878213.854979	65.82759690284729	47400	1.8280976	0.625
1485878214.792452	66.7650740146637	47600	1.7662855	0.625
1485878215.78561	67.75822901725769	47800	1.7590889	0.625
1485878215.864674	67.83729195594788	48000	1.8107694	0.77499998
1485878216.793415	68.76603698730469	48200	1.7918133	0.69999999
1485878217.784863	69.75748300552368	48400	1.7908427	0.69999999
1485878217.868459	69.84107780456543	48600	1.7715712	0.625
1485878218.801357	70.77397680282593	48800	1.7703327	0.75
1485878219.793666	71.7662878036499	49000	1.7467527	0.64999998
1485878219.876589	71.84920692443848	49200	1.7843387	0.625
1485878220.803071	72.77568984031677	49400	1.7302539	0.875
1485878221.791379	73.76399683952332	49600	1.7788105	0.80000001
1485878221.872767	73.84538578987122	49800	1.738855	0.75
1485878222.809961	74.78257989883423	50000	1.661279	0.77499998
1485878223.798444	75.77106285095215	50200	1.6888489	0.72500002
1485878223.881644	75.85426497459412	50400	1.7611879	0.82499999
1485878224.811086	76.78370690345764	50600	1.682182	0.75
1485878225.80363	77.77624893188477	50800	1.713948	0.82499999
1485878225.88683	77.85945081710815	51000	1.6814045	0.75
1485878226.813579	78.7861979007721	51200	1.6613277	0.75
1485878227.812914	79.78553295135498	51400	1.6567742	0.67500001
1485878227.896089	79.86870789527893	51600	1.7130764	0.82499999
1485878228.817819	80.79044079780579	51800	1.6154196	0.64999998
1485878229.812731	81.78534984588623	52000	1.6934191	0.75
1485878229.893677	81.86629581451416	52200	1.7179943	0.82499999
1485878230.828092	82.8007140159607	52400	1.588351	0.75
1485878231.819713	83.79233193397522	52600	1.6053909	0.625
1485878231.901341	83.87395882606506	52800	1.6391293	0.72500002
1485878232.828842	84.80145978927612	53000	1.627969	0.80000001
1485878233.822833	85.79545187950134	53200	1.5708948	0.77499998
1485878233.907313	85.87993383407593	53400	1.5821416	0.75
1485878234.830931	86.8035500049591	53600	1.6345505	0.69999999
1485878235.823379	87.79599785804749	53800	1.5320505	0.69999999
1485878235.903228	87.87584686279297	54000	1.5892581	0.75
1485878236.847451	88.82006978988647	54200	1.5865123	0.77499998
1485878237.832523	89.80514478683472	54400	1.5762775	0.69999999
1485878237.913965	89.88658380508423	54600	1.5653106	0.89999998
1485878238.841822	90.81444001197815	54800	1.6310278	0.75
1485878239.836803	91.8094379901886	55000	1.6182419	0.75
1485878239.920928	91.89354681968689	55200	1.5245445	0.80000001
1485878240.854789	92.82740998268127	55400	1.5633171	0.85000002
1485878241.846611	93.8192298412323	55600	1.5800464	0.85000002
1485878241.925356	93.89797782897949	55800	1.5141866	0.82499999
1485878242.849836	94.82245683670044	56000	1.6009531	0.77499998
1485878243.845952	95.81857085227966	56200	1.5556822	0.75
1485878243.925137	95.89775586128235	56400	1.4934751	0.72500002
1485878244.857844	96.83046293258667	56600	1.5534874	0.80000001
1485878245.846424	97.81904292106628	56800	1.5775627	0.82499999
1485878245.929041	97.90165996551514	57000	1.5017159	0.82499999
1485878246.858654	98.83127284049988	57200	1.5344269	0.89999998
1485878247.852263	99.82488179206848	57400	1.5472219	0.82499999
1485878247.933189	99.90580582618713	57600	1.4732662	0.85000002
1485878248.864354	100.83697295188904	57800	1.5021321	0.85000002
1485878249.857113	101.82973098754883	58000	1.5086596	0.80000001
1485878249.938416	101.91103482246399	58200	1.4460987	0.82499999
1485878250.8684	102.84101796150208	58400	1.5089923	0.875
1485878251.860073	103.83269190788269	58600	1.5205742	0.92500001
1485878251.940338	103.91295599937439	58800	1.409776	0.77499998
1485878252.872417	104.8450357913971	59000	1.4697268	0.82499999
1485878253.867048	105.8396668434143	59200	1.5012001	0.75
1485878253.94815	105.9207718372345	59400	1.4275351	0.85000002
1485878254.875968	106.84858894348145	59600	1.4788511	0.82499999
1485878255.868774	107.841392993927	59800	1.4680487	0.85000002
1485878255.948455	107.92107582092285	60000	1.3994818	0.80000001
1485878256.883373	108.85599184036255	60200	1.4763139	0.82499999
1485878257.874794	109.84741401672363	60400	1.4390833	0.80000001
1485878257.956338	109.92895579338074	60600	1.3901052	0.82499999
1485878258.884959	110.85758090019226	60800	1.4882476	0.85000002
1485878259.882667	111.85528492927551	61000	1.4122236	0.92500001
1485878259.964097	111.93671584129333	61200	1.3837562	0.85000002
1485878260.892179	112.8648009300232	61400	1.4189758	0.75
1485878261.88485	113.85746884346008	61600	1.3802804	0.82499999
1485878261.966014	113.93863296508789	61800	1.3835462	0.75
1485878262.894368	114.86698889732361	62000	1.3981922	0.82499999
1485878263.885628	115.85824680328369	62200	1.4124374	0.875
1485878263.963798	115.93641686439514	62400	1.3427327	0.69999999
1485878264.901272	116.87389397621155	62600	1.3181083	0.80000001
1485878265.892113	117.86473393440247	62800	1.3403083	0.89999998
1485878265.973466	117.94608688354492	63000	1.2959363	0.82499999
1485878266.904115	118.8767340183258	63200	1.3824675	0.82499999
1485878267.899291	119.87191200256348	63400	1.3257351	0.69999999
1485878267.980447	119.95306587219238	63600	1.280489	0.92500001
1485878268.906158	120.87877583503723	63800	1.3099058	0.89999998
1485878269.9073	121.87991786003113	64000	1.2953755	0.72500002
1485878269.989851	121.96246981620789	64200	1.301041	0.80000001
1485878270.912324	122.88494300842285	64400	1.327554	0.82499999
1485878271.905035	123.87765288352966	64600	1.2714627	0.82499999
1485878271.98659	123.95920896530151	64800	1.2789228	0.94999999
1485878272.919201	124.89181900024414	65000	1.3196226	0.89999998
1485878273.910802	125.88341999053955	65200	1.2987294	0.85000002
1485878273.990242	125.96286296844482	65400	1.2880356	0.82499999
1485878274.921255	126.89387392997742	65600	1.331533	0.92500001
1485878275.913234	127.8858540058136	65800	1.2870722	0.85000002
1485878275.994085	127.96670389175415	66000	1.2729304	0.94999999
1485878276.933873	128.9064919948578	66200	1.28466	0.875
1485878277.920636	129.89326000213623	66400	1.2921014	0.97500002
1485878278.001515	129.97413396835327	66600	1.2533953	0.89999998
1485878278.942389	130.91500687599182	66800	1.2999445	0.875
1485878279.929877	131.90249586105347	67000	1.2149646	0.64999998
1485878280.017305	131.98992681503296	67200	1.3110116	0.89999998
1485878280.93461	132.9072289466858	67400	1.2803627	0.85000002
1485878281.930093	133.90271186828613	67600	1.2820456	0.875
1485878282.009379	133.98199701309204	67800	1.2314241	0.85000002
1485878282.939182	134.9118049144745	68000	1.2933344	0.85000002
1485878283.931125	135.90374398231506	68200	1.2872007	0.77499998
1485878284.013089	135.98570799827576	68400	1.2366042	0.82499999
1485878284.94412	136.9167377948761	68600	1.2455636	0.89999998
1485878285.947534	137.92015290260315	68800	1.228637	0.77499998
1485878286.029903	138.00252079963684	69000	1.2541418	0.875
1485878286.951098	138.9237198829651	69200	1.2636974	0.89999998
1485878287.941512	139.9141309261322	69400	1.2301142	0.89999998
1485878288.023117	139.99573588371277	69600	1.1484594	0.85000002
1485878288.955338	140.9279568195343	69800	1.1926725	0.85000002
1485878289.949142	141.92176294326782	70000	1.2122828	0.875
1485878290.027781	142.00039982795715	70200	1.2194369	0.82499999
1485878290.956189	142.92880702018738	70400	1.2411395	0.94999999
1485878291.952709	143.92532896995544	70600	1.2001913	0.875
1485878292.033521	144.0061388015747	70800	1.1661721	0.92500001
1485878292.960121	144.93273997306824	71000	1.1800665	0.89999998
1485878293.95557	145.92818784713745	71200	1.1609863	0.875
1485878294.034244	146.00686287879944	71400	1.2519702	0.875
1485878294.964709	146.9373278617859	71600	1.1766421	0.85000002
1485878295.961359	147.93397784233093	71800	1.142531	0.85000002
1485878296.040669	148.01328802108765	72000	1.1554368	0.875
1485878296.967837	148.94045782089233	72200	1.1157293	0.92500001
1485878297.962017	149.93463492393494	72400	1.1044694	0.85000002
1485878298.066997	150.0396180152893	72600	1.1543562	0.89999998
1485878298.972992	150.94560980796814	72800	1.1248748	0.80000001
1485878299.966843	151.93946480751038	73000	1.0941328	0.89999998
1485878300.048363	152.02098178863525	73200	1.152702	0.80000001
1485878300.980726	152.95334482192993	73400	1.0979469	0.92500001
1485878301.978312	153.95093297958374	73600	1.0885255	0.97500002
1485878302.058903	154.03152179718018	73800	1.1255705	0.94999999
1485878302.985054	154.95767188072205	74000	1.0888102	0.875
1485878303.974464	155.9470829963684	74200	1.0875278	0.89999998
1485878304.054982	156.02760291099548	74400	1.1213655	0.89999998
1485878304.987144	156.9597659111023	74600	1.0988662	0.89999998
1485878305.97906	157.95167779922485	74800	1.0773672	0.89999998
1485878306.057735	158.03035283088684	75000	1.1183624	0.82499999
1485878306.993388	158.96600580215454	75200	1.0820495	0.89999998
1485878307.98312	159.95573902130127	75400	1.1022189	1.0
1485878308.088384	160.0610008239746	75600	1.1136477	0.92500001
1485878308.994034	160.96665501594543	75800	1.1034454	0.89999998
1485878309.990687	161.9633059501648	76000	1.0715302	0.92500001
1485878310.070325	162.04294395446777	76200	1.0940908	1.0
1485878311.003182	162.97579979896545	76400	1.0907903	0.94999999
1485878311.991695	163.96431589126587	76600	1.0808904	0.92500001
1485878312.071847	164.04446387290955	76800	1.0707955	0.89999998
1485878313.008507	164.981125831604	77000	1.052039	0.94999999
1485878314.0015	165.9741199016571	77200	1.0409873	0.97500002
1485878314.083978	166.05659890174866	77400	1.0737221	0.875
1485878315.010531	166.98315000534058	77600	1.0457294	0.97500002
1485878316.000532	167.97315096855164	77800	1.0679581	0.875
1485878316.07938	168.05199790000916	78000	1.0765541	0.92500001
1485878317.016125	168.98874688148499	78200	1.0533777	0.92500001
1485878318.006827	169.97944498062134	78400	1.0868857	0.89999998
1485878318.121852	170.09447383880615	78600	1.0662774	0.80000001
1485878319.01931	170.99192881584167	78800	1.0499227	0.89999998
1485878320.010431	171.98305201530457	79000	1.0394292	0.97500002
1485878320.09001	172.0626277923584	79200	1.0703595	0.92500001
1485878321.02911	173.00173091888428	79400	1.0580173	0.94999999
1485878322.014019	173.98664093017578	79600	1.0620766	0.94999999
1485878322.094811	174.06742882728577	79800	1.0478587	0.97500002
1485878323.024543	174.99716186523438	80000	1.0047976	0.94999999
1485878324.023217	175.9958519935608	80200	1.0062913	0.94999999
1485878324.101899	176.07452082633972	80400	1.0809332	0.94999999
1485878325.051437	177.0240559577942	80600	1.0233259	0.97500002
1485878326.025864	177.99848198890686	80800	1.0458876	0.94999999
1485878326.104733	178.07735085487366	81000	1.0329229	0.875
1485878327.035446	179.0080668926239	81200	1.0010525	0.92500001
1485878328.026419	179.99903988838196	81400	1.0151868	0.92500001
1485878328.309654	180.28227496147156	81600	1.066054	0.97500002
1485878329.036662	181.00927996635437	81800	0.97180766	0.92500001
1485878330.033311	182.0059289932251	82000	1.0287278	0.97500002
1485878330.112983	182.0856008529663	82200	1.0326898	0.97500002
1485878331.042318	183.0149369239807	82400	0.96076995	0.97500002
1485878332.035408	184.00802898406982	82600	0.99084675	0.97500002
1485878332.113892	184.08651089668274	82800	0.99110144	0.875
1485878333.047138	185.01975679397583	83000	0.99614942	0.89999998
1485878334.040564	186.01318192481995	83200	0.95648718	0.94999999
1485878334.118983	186.09160089492798	83400	0.95582712	0.92500001
1485878335.056794	187.02941298484802	83600	0.99132377	0.85000002
1485878336.045765	188.01838397979736	83800	0.94703901	0.92500001
1485878336.125147	188.09776496887207	84000	0.96469814	0.92500001
1485878337.055924	189.02854299545288	84200	0.97899073	0.94999999
1485878338.087121	190.05974578857422	84400	0.96533507	0.94999999
1485878338.339198	190.3118188381195	84600	0.94371051	0.94999999
1485878339.06348	191.0361008644104	84800	0.99704283	0.97500002
